energia,parametro,libre
-0.575325043084,0.86072521736,-0.387381452228
-0.679550768908,0.96703784914,-0.454746075481
-0.588710844113,0.842629293356,-0.405808606643
-0.588710844113,0.842629293356,-0.405808606643
-0.605284381573,0.848563633827,-0.41960364224
-0.588710844113,0.842629293356,-0.405808606643
-0.620181954493,0.941403892278,-0.402190763807
-0.575325043084,0.86072521736,-0.387381452228
-0.620181954493,0.941403892278,-0.402190763807
-0.679550768908,0.96703784914,-0.454746075481
-0.588710844113,0.842629293356,-0.405808606643
-0.568781387636,0.866428590246,-0.374028682906
-0.500304694272,0.833281801972,-0.322163903615
-0.588710844113,0.842629293356,-0.405808606643
-0.605284381573,0.848563633827,-0.41960364224
-0.620181954493,0.941403892278,-0.402190763807
-0.588710844113,0.842629293356,-0.405808606643
-0.575325043084,0.86072521736,-0.387381452228
-0.679550768908,0.96703784914,-0.454746075481
-0.517090502788,0.888045523451,-0.315316624774
-0.605284381573,0.848563633827,-0.41960364224
-0.588710844113,0.842629293356,-0.405808606643
-0.568781387636,0.866428590246,-0.374028682906
-0.620181954493,0.941403892278,-0.402190763807
-0.500304694272,0.833281801972,-0.322163903615
-0.679550768908,0.96703784914,-0.454746075481
-0.588710844113,0.842629293356,-0.405808606643
-0.588710844113,0.842629293356,-0.405808606643
-0.575325043084,0.86072521736,-0.387381452228
-0.572265379674,0.951094247312,-0.351722074251
-0.6261331908,0.937558938243,-0.409319501833
-0.495973093795,0.876792015517,-0.298375434153
-0.576892928662,0.887015101851,-0.375724138065
-0.525833346202,0.800460523404,-0.365039516858
-0.6261331908,0.937558938243,-0.409319501833
-0.585078158514,0.919503121933,-0.372951974657
-0.518904801895,0.851341335205,-0.331934843293
-0.545434926223,0.856496399524,-0.358450976852
-0.545434926223,0.856496399524,-0.358450976852
-0.525833346202,0.800460523404,-0.365039516858
-0.525833346202,0.800460523404,-0.365039516858
-0.56925937321,0.881672600505,-0.372484436161
-0.6261331908,0.937558938243,-0.409319501833
-0.518904801895,0.851341335205,-0.331934843293
-0.56925937321,0.881672600505,-0.372484436161
-0.507577398697,0.89100472806,-0.306408858536
-0.523982640878,0.93351083346,-0.30825977919
-0.522522256972,0.895602267966,-0.31867359681
-0.525833346202,0.800460523404,-0.365039516858
-0.6261331908,0.937558938243,-0.409319501833
-0.577358871935,0.949515112177,-0.357126978516
-0.56925937321,0.881672600505,-0.372484436161
-0.576892928662,0.887015101851,-0.375724138065
-0.518904801895,0.851341335205,-0.331934843293
-0.638449573204,0.870777008115,-0.444514272511
-0.562497705654,0.894485907052,-0.358690423279
-0.618383910166,0.862660225355,-0.427374651277
-0.651832485974,0.905826913227,-0.446010552277
-0.574711000678,0.887826491269,-0.373184738536
-0.651832485974,0.905826913227,-0.446010552277
-0.638449573204,0.870777008115,-0.444514272511
-0.651832485974,0.905826913227,-0.446010552277
-0.638449573204,0.870777008115,-0.444514272511
-0.534328660059,0.888603974549,-0.332608368168
-0.638449573204,0.870777008115,-0.444514272511
-0.574711000678,0.887826491269,-0.373184738536
-0.574711000678,0.887826491269,-0.373184738536
-0.56275841846,0.893754451965,-0.361026050588
-0.651832485974,0.905826913227,-0.446010552277
-0.638449573204,0.870777008115,-0.444514272511
-0.65213647048,0.905280245187,-0.445665858186
-0.540659566319,0.882549713628,-0.34251126072
-0.638449573204,0.870777008115,-0.444514272511
-0.654825195111,0.950295362667,-0.434566809103
-0.651832485974,0.905826913227,-0.446010552277
-0.574711000678,0.887826491269,-0.373184738536
-0.638449573204,0.870777008115,-0.444514272511
-0.650808400233,0.915749551461,-0.4405645449
-0.594114755769,0.934164445508,-0.377978620242
-0.610278414995,0.896077406955,-0.406175480157
-0.594114755769,0.934164445508,-0.377978620242
-0.60426923958,0.866523579782,-0.410990653699
-0.569831026775,0.907844019735,-0.362383775262
-0.650808400233,0.915749551461,-0.4405645449
-0.60426923958,0.866523579782,-0.410990653699
-0.665230433865,0.90067456565,-0.460413225227
-0.539460054299,0.928542932914,-0.325191012566
-0.594114755769,0.934164445508,-0.377978620242
-0.557298531045,0.911900949826,-0.347679486191
-0.650808400233,0.915749551461,-0.4405645449
-0.665230433865,0.90067456565,-0.460413225227
-0.665230433865,0.90067456565,-0.460413225227
-0.665230433865,0.90067456565,-0.460413225227
-0.650808400233,0.915749551461,-0.4405645449
-0.60426923958,0.866523579782,-0.410990653699
-0.513142333845,0.800994644587,-0.351756741947
-0.60426923958,0.866523579782,-0.410990653699
-0.60426923958,0.866523579782,-0.410990653699
-0.665230433865,0.90067456565,-0.460413225227
-0.665230433865,0.90067456565,-0.460413225227
-0.650808400233,0.915749551461,-0.4405645449
-0.665230433865,0.90067456565,-0.460413225227
-0.60426923958,0.866523579782,-0.410990653699
-0.650808400233,0.915749551461,-0.4405645449
-0.610278414995,0.896077406955,-0.406175480157
-0.650808400233,0.915749551461,-0.4405645449
-0.594114755769,0.934164445508,-0.377978620242
-0.626347972359,0.912982412843,-0.417317121272
-0.509353750428,0.822040831582,-0.333227641965
-0.443861934488,0.775099336341,-0.292854406408
-0.626347972359,0.912982412843,-0.417317121272
-0.626347972359,0.912982412843,-0.417317121272
-0.574751476716,0.906736851076,-0.367021807196
-0.650196355981,0.943210635625,-0.431635904178
-0.620549431006,0.931295572607,-0.405436702675
-0.596344178146,0.923329187023,-0.383553571461
-0.620549431006,0.931295572607,-0.405436702675
-0.626347972359,0.912982412843,-0.417317121272
-0.626347972359,0.912982412843,-0.417317121272
-0.574751476716,0.906736851076,-0.367021807196
-0.509353750428,0.822040831582,-0.333227641965
-0.538805275751,0.871898075813,-0.344658211593
-0.519507113354,0.876382901398,-0.322454443917
-0.509353750428,0.822040831582,-0.333227641965
-0.626347972359,0.912982412843,-0.417317121272
-0.620549431006,0.931295572607,-0.405436702675
-0.538805275751,0.871898075813,-0.344658211593
-0.574751476716,0.906736851076,-0.367021807196
-0.650196355981,0.943210635625,-0.431635904178
-0.626347972359,0.912982412843,-0.417317121272
-0.596344178146,0.923329187023,-0.383553571461
-0.552458254656,0.912466453999,-0.343152892205
-0.582553286349,0.913178497504,-0.373214419047
-0.72022636766,0.986043401824,-0.490543994054
-0.526389686042,0.839832013717,-0.345178030132
-0.606245474305,0.923190974976,-0.393276776883
-0.631915147818,0.937733088025,-0.415006992463
-0.606245474305,0.923190974976,-0.393276776883
-0.526389686042,0.839832013717,-0.345178030132
-0.72022636766,0.986043401824,-0.490543994054
-0.631915147818,0.937733088025,-0.415006992463
-0.582553286349,0.913178497504,-0.373214419047
-0.563019829755,0.897965052962,-0.358840503153
-0.525274562403,0.843869664382,-0.340484196542
-0.72022636766,0.986043401824,-0.490543994054
-0.631915147818,0.937733088025,-0.415006992463
-0.563019829755,0.897965052962,-0.358840503153
-0.56530472263,0.863227964272,-0.375829864363
-0.582553286349,0.913178497504,-0.373214419047
-0.53101046538,0.893120936954,-0.32873825407
-0.606245474305,0.923190974976,-0.393276776883
-0.631915147818,0.937733088025,-0.415006992463
-0.72022636766,0.986043401824,-0.490543994054
-0.526389686042,0.839832013717,-0.345178030132
-0.72022636766,0.986043401824,-0.490543994054
-0.606245474305,0.923190974976,-0.393276776883
-0.72022636766,0.986043401824,-0.490543994054
-0.72022636766,0.986043401824,-0.490543994054
-0.631915147818,0.937733088025,-0.415006992463
-0.593036354807,0.849537985712,-0.411034850977
-0.626086237273,0.932694036451,-0.410571017123
-0.661085518244,0.955858419221,-0.439123583966
-0.629916807453,0.897019918236,-0.426692946125
-0.593036354807,0.849537985712,-0.411034850977
-0.610290451014,0.937765866727,-0.393330254246
-0.593036354807,0.849537985712,-0.411034850977
-0.593036354807,0.849537985712,-0.411034850977
-0.499662090933,0.796610853057,-0.336774480415
-0.60531339553,0.868440612296,-0.411858641979
-0.536842496894,0.868616497622,-0.341458454161
-0.675580017276,0.958647468155,-0.452922109139
-0.626086237273,0.932694036451,-0.410571017123
-0.499662090933,0.796610853057,-0.336774480415
-0.626086237273,0.932694036451,-0.410571017123
-0.629916807453,0.897019918236,-0.426692946125
-0.629916807453,0.897019918236,-0.426692946125
-0.593036354807,0.849537985712,-0.411034850977
-0.553662345647,0.887419998172,-0.352627306568
-0.668977093995,0.955380186982,-0.446894076952
-0.668977093995,0.955380186982,-0.446894076952
-0.60531339553,0.868440612296,-0.411858641979
-0.561125451168,0.891884996838,-0.359589977267
-0.566903561514,0.914487889149,-0.357508988342
-0.593036354807,0.849537985712,-0.411034850977
-0.593036354807,0.849537985712,-0.411034850977
-0.593036354807,0.849537985712,-0.411034850977
-0.574870099739,0.886651948926,-0.373940806634
-0.548701564255,0.801828010988,-0.383269689566
-0.564146699395,0.881438708514,-0.365939576817
-0.582279071573,0.894034059139,-0.38126363943
-0.561027971888,0.889840731259,-0.35887979816
-0.61890889809,0.894969103062,-0.416903212097
-0.639249304968,0.919743136189,-0.427490501716
-0.541278661715,0.860847745552,-0.350255080158
-0.564146699395,0.881438708514,-0.365939576817
-0.639249304968,0.919743136189,-0.427490501716
-0.685087824386,0.943211609127,-0.466457995126
-0.577784509707,0.86401446252,-0.389873851258
-0.609626299092,0.920489109924,-0.3974908775
-0.548701564255,0.801828010988,-0.383269689566
-0.548701564255,0.801828010988,-0.383269689566
-0.609626299092,0.920489109924,-0.3974908775
-0.564146699395,0.881438708514,-0.365939576817
-0.577784509707,0.86401446252,-0.389873851258
-0.561027971888,0.889840731259,-0.35887979816
-0.609626299092,0.920489109924,-0.3974908775
-0.639249304968,0.919743136189,-0.427490501716
-0.548701564255,0.801828010988,-0.383269689566
-0.548701564255,0.801828010988,-0.383269689566
-0.685087824386,0.943211609127,-0.466457995126
-0.685087824386,0.943211609127,-0.466457995126
-0.568107640495,0.896697048182,-0.364117101382
-0.718795547095,0.968268808588,-0.493647392879
-0.444855252011,0.854432327995,-0.254138104925
-0.534383635721,0.912703164563,-0.324991996929
-0.718795547095,0.968268808588,-0.493647392879
-0.534383635721,0.912703164563,-0.324991996929
-0.560887127589,0.869206087998,-0.3670423512
-0.560453425712,0.857428286552,-0.369158777348
-0.718795547095,0.968268808588,-0.493647392879
-0.718795547095,0.968268808588,-0.493647392879
-0.617136299862,0.959891730858,-0.39416101783
-0.627588447681,0.90552358685,-0.419909150479
-0.560453425712,0.857428286552,-0.369158777348
-0.568107640495,0.896697048182,-0.364117101382
-0.560453425712,0.857428286552,-0.369158777348
-0.627588447681,0.90552358685,-0.419909150479
-0.551979360929,0.837601190443,-0.371929499138
-0.551979360929,0.837601190443,-0.371929499138
-0.560453425712,0.857428286552,-0.369158777348
-0.718795547095,0.968268808588,-0.493647392879
-0.718795547095,0.968268808588,-0.493647392879
-0.627588447681,0.90552358685,-0.419909150479
-0.560887127589,0.869206087998,-0.3670423512
-0.617136299862,0.959891730858,-0.39416101783
-0.482634646917,0.803326862659,-0.318704328752
-0.534383635721,0.912703164563,-0.324991996929
-0.503374968389,0.823595394052,-0.332812572802
-0.576630710872,0.842389487925,-0.401459004734
-0.616308414944,0.907056463728,-0.409384357806
-0.679756660127,0.951170599022,-0.459102487082
-0.631357102038,0.912652496292,-0.422338521535
-0.576630710872,0.842389487925,-0.401459004734
-0.577848641996,0.876728975534,-0.380738859061
-0.679756660127,0.951170599022,-0.459102487082
-0.616308414944,0.907056463728,-0.409384357806
-0.616308414944,0.907056463728,-0.409384357806
-0.679756660127,0.951170599022,-0.459102487082
-0.611066017198,0.946277619454,-0.391699734657
-0.679756660127,0.951170599022,-0.459102487082
-0.679756660127,0.951170599022,-0.459102487082
-0.616308414944,0.907056463728,-0.409384357806
-0.616308414944,0.907056463728,-0.409384357806
-0.631357102038,0.912652496292,-0.422338521535
-0.577848641996,0.876728975534,-0.380738859061
-0.576630710872,0.842389487925,-0.401459004734
-0.621057505042,0.960010376696,-0.398048312936
-0.645370102034,0.942531134062,-0.427086516577
-0.576630710872,0.842389487925,-0.401459004734
-0.495661542362,0.818525079169,-0.322407103677
-0.621057505042,0.960010376696,-0.398048312936
-0.679756660127,0.951170599022,-0.459102487082
-0.621057505042,0.960010376696,-0.398048312936
-0.616308414944,0.907056463728,-0.409384357806
-0.631357102038,0.912652496292,-0.422338521535
-0.679756660127,0.951170599022,-0.459102487082
-0.519309920679,0.899901042899,-0.313101150089
-0.519309920679,0.899901042899,-0.313101150089
-0.618238821758,0.928814343116,-0.403521146176
-0.618238821758,0.928814343116,-0.403521146176
-0.618238821758,0.928814343116,-0.403521146176
-0.526762272493,0.889262692149,-0.323588901022
-0.578994516732,0.939791830923,-0.361406569217
-0.578994516732,0.939791830923,-0.361406569217
-0.618238821758,0.928814343116,-0.403521146176
-0.618238821758,0.928814343116,-0.403521146176
-0.567630755497,0.933393464237,-0.351610704541
-0.529198617357,0.900473055079,-0.323603428795
-0.618238821758,0.928814343116,-0.403521146176
-0.57264849142,0.926859430916,-0.358609138864
-0.529198617357,0.900473055079,-0.323603428795
-0.526762272493,0.889262692149,-0.323588901022
-0.57264849142,0.926859430916,-0.358609138864
-0.567630755497,0.933393464237,-0.351610704541
-0.618238821758,0.928814343116,-0.403521146176
-0.547292426301,0.930942609233,-0.33203058442
-0.529198617357,0.900473055079,-0.323603428795
-0.589213461147,0.892250504619,-0.387376332038
-0.776324798785,0.987657490557,-0.546216019047
-0.776324798785,0.987657490557,-0.546216019047
-0.510160131986,0.878788525205,-0.311082370481
-0.776324798785,0.987657490557,-0.546216019047
-0.526380220964,0.857700528402,-0.336507923145
-0.549622134936,0.917245355564,-0.338342073615
-0.776324798785,0.987657490557,-0.546216019047
-0.776324798785,0.987657490557,-0.546216019047
-0.776324798785,0.987657490557,-0.546216019047
-0.589213461147,0.892250504619,-0.387376332038
-0.590310635301,0.910974753547,-0.381153214844
-0.776324798785,0.987657490557,-0.546216019047
-0.776324798785,0.987657490557,-0.546216019047
-0.549622134936,0.917245355564,-0.338342073615
-0.776324798785,0.987657490557,-0.546216019047
-0.526380220964,0.857700528402,-0.336507923145
-0.540202531492,0.885278272691,-0.339935775766
-0.539446796053,0.91037791339,-0.33078346818
-0.589213461147,0.892250504619,-0.387376332038
-0.776324798785,0.987657490557,-0.546216019047
-0.776324798785,0.987657490557,-0.546216019047
-0.776324798785,0.987657490557,-0.546216019047
-0.590310635301,0.910974753547,-0.381153214844
-0.542006983914,0.900420519884,-0.336636606247
-0.65597959823,0.925800039954,-0.441718113905
-0.65597959823,0.925800039954,-0.441718113905
-0.65597959823,0.925800039954,-0.441718113905
-0.529185410118,0.855331678674,-0.341626618405
-0.524777134085,0.862200444658,-0.332733498322
-0.529512729752,0.880979562026,-0.330031342454
-0.512241061525,0.837729897057,-0.330061624496
-0.553411649778,0.914138822607,-0.343323561968
-0.515105983789,0.853837666143,-0.327152676256
-0.526226898123,0.883038256901,-0.325746095327
-0.488469292588,0.864299243867,-0.294737651722
-0.59953124541,0.911348555989,-0.390636956714
-0.59953124541,0.911348555989,-0.390636956714
-0.512241061525,0.837729897057,-0.330061624496
-0.65597959823,0.925800039954,-0.441718113905
-0.65597959823,0.925800039954,-0.441718113905
-0.524777134085,0.862200444658,-0.332733498322
-0.541006719105,0.871190644223,-0.347236049222
-0.65597959823,0.925800039954,-0.441718113905
-0.65597959823,0.925800039954,-0.441718113905
-0.553411649778,0.914138822607,-0.343323561968
-0.538807545685,0.866598179558,-0.350386894261
-0.65597959823,0.925800039954,-0.441718113905
-0.65597959823,0.925800039954,-0.441718113905
-0.65597959823,0.925800039954,-0.441718113905
-0.538300507372,0.910218857544,-0.328845096427
-0.526226898123,0.883038256901,-0.325746095327
-0.65597959823,0.925800039954,-0.441718113905
-0.720348200664,0.9332050716,-0.504697192409
-0.628789164349,0.919079511051,-0.416934395963
-0.720348200664,0.9332050716,-0.504697192409
-0.666323031661,0.88694284322,-0.469135403407
-0.720348200664,0.9332050716,-0.504697192409
-0.666323031661,0.88694284322,-0.469135403407
-0.666323031661,0.88694284322,-0.469135403407
-0.507570112824,0.858402375122,-0.320015484834
-0.599084790393,0.92793636471,-0.384809258624
-0.559918159065,0.868105490656,-0.365930832946
-0.666323031661,0.88694284322,-0.469135403407
-0.666323031661,0.88694284322,-0.469135403407
-0.666323031661,0.88694284322,-0.469135403407
-0.628789164349,0.919079511051,-0.416934395963
-0.720348200664,0.9332050716,-0.504697192409
-0.609017403667,0.928572152125,-0.3942142011
-0.666323031661,0.88694284322,-0.469135403407
-0.720348200664,0.9332050716,-0.504697192409
-0.720348200664,0.9332050716,-0.504697192409
-0.720348200664,0.9332050716,-0.504697192409
-0.559918159065,0.868105490656,-0.365930832946
-0.720348200664,0.9332050716,-0.504697192409
-0.720348200664,0.9332050716,-0.504697192409
-0.666323031661,0.88694284322,-0.469135403407
-0.628789164349,0.919079511051,-0.416934395963
-0.666323031661,0.88694284322,-0.469135403407
-0.720348200664,0.9332050716,-0.504697192409
-0.513563339746,0.839527291766,-0.33600457967
-0.533322962542,0.878570692489,-0.335358593167
-0.669150683728,0.922061907114,-0.457560105021
-0.556832069672,0.929754342227,-0.342263776064
-0.669150683728,0.922061907114,-0.457560105021
-0.669150683728,0.922061907114,-0.457560105021
-0.669150683728,0.922061907114,-0.457560105021
-0.669150683728,0.922061907114,-0.457560105021
-0.669150683728,0.922061907114,-0.457560105021
-0.691066112375,0.902229755953,-0.485626985971
-0.54568457862,0.906429325416,-0.337983381495
-0.669150683728,0.922061907114,-0.457560105021
-0.669150683728,0.922061907114,-0.457560105021
-0.669150683728,0.922061907114,-0.457560105021
-0.669150683728,0.922061907114,-0.457560105021
-0.669150683728,0.922061907114,-0.457560105021
-0.691066112375,0.902229755953,-0.485626985971
-0.568345607903,0.890678575886,-0.366455033384
-0.669150683728,0.922061907114,-0.457560105021
-0.501000804647,0.83250489839,-0.325205145451
-0.54568457862,0.906429325416,-0.337983381495
-0.501000804647,0.83250489839,-0.325205145451
-0.669150683728,0.922061907114,-0.457560105021
-0.669150683728,0.922061907114,-0.457560105021
-0.573376872802,0.908557105126,-0.366974436711
-0.577548991723,0.876126290336,-0.380767713864
-0.568345607903,0.890678575886,-0.366455033384
-0.633537960826,0.926004570893,-0.420157016578
-0.579806072628,0.894796766843,-0.376405037065
-0.556403706464,0.846644472398,-0.372895124288
-0.616083877669,0.886401117631,-0.41542380353
-0.584433464296,0.928491241637,-0.370258099716
-0.556403706464,0.846644472398,-0.372895124288
-0.616083877669,0.886401117631,-0.41542380353
-0.616083877669,0.886401117631,-0.41542380353
-0.633537960826,0.926004570893,-0.420157016578
-0.616083877669,0.886401117631,-0.41542380353
-0.523772043986,0.889256881505,-0.322429107411
-0.556403706464,0.846644472398,-0.372895124288
-0.616083877669,0.886401117631,-0.41542380353
-0.474606192231,0.77006396916,-0.333066573426
-0.493535074997,0.772656870454,-0.351017844254
-0.556403706464,0.846644472398,-0.372895124288
-0.551878930467,0.88513283951,-0.352200127917
-0.556403706464,0.846644472398,-0.372895124288
-0.556403706464,0.846644472398,-0.372895124288
-0.613635134477,0.94448070068,-0.394682622873
-0.557376178082,0.875993174766,-0.361125712199
-0.572116701894,0.923115689091,-0.359149369194
-0.497843447733,0.821184895244,-0.324980256471
-0.534476608988,0.923275857419,-0.321938375001
-0.546790064758,0.866196333798,-0.353706800101
-0.515582655851,0.854596834032,-0.326978096736
-0.515582655851,0.854596834032,-0.326978096736
-0.546790064758,0.866196333798,-0.353706800101
-0.613635134477,0.94448070068,-0.394682622873
-0.613635134477,0.94448070068,-0.394682622873
-0.593067213472,0.904168395664,-0.387100910949
-0.557376178082,0.875993174766,-0.361125712199
-0.50421012908,0.909376846891,-0.295485889316
-0.593067213472,0.904168395664,-0.387100910949
-0.712296268278,0.937308695307,-0.495318062234
-0.567491017212,0.904049860833,-0.360569449785
-0.712296268278,0.937308695307,-0.495318062234
-0.712296268278,0.937308695307,-0.495318062234
-0.487955095176,0.810819421706,-0.317831288667
-0.712296268278,0.937308695307,-0.495318062234
-0.564021385919,0.938490659018,-0.346732499617
-0.712296268278,0.937308695307,-0.495318062234
-0.712296268278,0.937308695307,-0.495318062234
-0.567491017212,0.904049860833,-0.360569449785
-0.712296268278,0.937308695307,-0.495318062234
-0.712296268278,0.937308695307,-0.495318062234
-0.520106548535,0.863583984876,-0.328278435352
-0.712296268278,0.937308695307,-0.495318062234
-0.712296268278,0.937308695307,-0.495318062234
-0.526714750831,0.885531028865,-0.325902650268
-0.563664896782,0.897405816846,-0.358997992605
-0.712296268278,0.937308695307,-0.495318062234
-0.712296268278,0.937308695307,-0.495318062234
-0.615828288378,0.924934495412,-0.402554271151
-0.712296268278,0.937308695307,-0.495318062234
-0.712296268278,0.937308695307,-0.495318062234
-0.712296268278,0.937308695307,-0.495318062234
-0.546285399254,0.890073303911,-0.344869406356
-0.567491017212,0.904049860833,-0.360569449785
-0.712296268278,0.937308695307,-0.495318062234
-0.572941319585,0.918647303667,-0.360949728575
-0.563664896782,0.897405816846,-0.358997992605
-0.563664896782,0.897405816846,-0.358997992605
-0.619842831503,0.906518466681,-0.412002815432
-0.706234499508,0.953330021277,-0.485033510001
-0.58426744981,0.94557407693,-0.36509225615
-0.61718785313,0.907719424902,-0.408777289487
-0.706234499508,0.953330021277,-0.485033510001
-0.501057853935,0.760361576573,-0.359686801788
-0.706234499508,0.953330021277,-0.485033510001
-0.576441266695,0.880603324182,-0.377915200856
-0.534572030302,0.867137183037,-0.341718243779
-0.58426744981,0.94557407693,-0.36509225615
-0.706234499508,0.953330021277,-0.485033510001
-0.706234499508,0.953330021277,-0.485033510001
-0.61718785313,0.907719424902,-0.408777289487
-0.525343113637,0.842397249882,-0.345719288775
-0.525343113637,0.842397249882,-0.345719288775
-0.591565230464,0.885859925277,-0.390361379681
-0.706234499508,0.953330021277,-0.485033510001
-0.591565230464,0.885859925277,-0.390361379681
-0.706234499508,0.953330021277,-0.485033510001
-0.501057853935,0.760361576573,-0.359686801788
-0.706234499508,0.953330021277,-0.485033510001
-0.619842831503,0.906518466681,-0.412002815432
-0.61718785313,0.907719424902,-0.408777289487
-0.706234499508,0.953330021277,-0.485033510001
-0.591565230464,0.885859925277,-0.390361379681
-0.706234499508,0.953330021277,-0.485033510001
-0.61718785313,0.907719424902,-0.408777289487
-0.576441266695,0.880603324182,-0.377915200856
-0.474671792812,0.797558817771,-0.311787610287
-0.662995027562,0.904986557804,-0.455678991806
-0.662995027562,0.904986557804,-0.455678991806
-0.636035286064,0.948262249705,-0.416319357544
-0.700814187198,0.911545715197,-0.49186896832
-0.700814187198,0.911545715197,-0.49186896832
-0.700814187198,0.911545715197,-0.49186896832
-0.731260602431,0.95697292799,-0.509040713661
-0.623883417862,0.940140878104,-0.40692142386
-0.731260602431,0.95697292799,-0.509040713661
-0.533390760292,0.870785373407,-0.337764178637
-0.636035286064,0.948262249705,-0.416319357544
-0.533390760292,0.870785373407,-0.337764178637
-0.487340213617,0.783508040709,-0.341132236066
-0.731260602431,0.95697292799,-0.509040713661
-0.662995027562,0.904986557804,-0.455678991806
-0.731260602431,0.95697292799,-0.509040713661
-0.58434640609,0.91639323123,-0.373173137115
-0.610544188104,0.934570856139,-0.394436891869
-0.632539884968,0.921877205181,-0.420225207971
-0.700814187198,0.911545715197,-0.49186896832
-0.623883417862,0.940140878104,-0.40692142386
-0.731260602431,0.95697292799,-0.509040713661
-0.530737736274,0.89490519572,-0.327939467366
-0.700814187198,0.911545715197,-0.49186896832
-0.662995027562,0.904986557804,-0.455678991806
-0.52266231243,0.90447134969,-0.315730097419
-0.662995027562,0.904986557804,-0.455678991806
-0.700814187198,0.911545715197,-0.49186896832
-0.528677458016,0.847955968555,-0.344112282675
-0.717141968453,0.956257938524,-0.495043546602
-0.625887345814,0.886241169169,-0.425493731331
-0.542002340314,0.882750172431,-0.342417814814
-0.717141968453,0.956257938524,-0.495043546602
-0.717141968453,0.956257938524,-0.495043546602
-0.542002340314,0.882750172431,-0.342417814814
-0.717141968453,0.956257938524,-0.495043546602
-0.717141968453,0.956257938524,-0.495043546602
-0.717141968453,0.956257938524,-0.495043546602
-0.625887345814,0.886241169169,-0.425493731331
-0.625887345814,0.886241169169,-0.425493731331
-0.625887345814,0.886241169169,-0.425493731331
-0.625887345814,0.886241169169,-0.425493731331
-0.606824256242,0.892868365354,-0.404113185307
-0.717141968453,0.956257938524,-0.495043546602
-0.717141968453,0.956257938524,-0.495043546602
-0.491731977248,0.84946438806,-0.304845739072
-0.606824256242,0.892868365354,-0.404113185307
-0.717141968453,0.956257938524,-0.495043546602
-0.625887345814,0.886241169169,-0.425493731331
-0.717141968453,0.956257938524,-0.495043546602
-0.584964206401,0.890044916748,-0.3840640353
-0.606933588872,0.931329417225,-0.391781764903
-0.556103455432,0.828965011464,-0.387330348795
-0.584964206401,0.890044916748,-0.3840640353
-0.556103455432,0.828965011464,-0.387330348795
-0.622894468489,0.894057819248,-0.419231798322
-0.526714613517,0.816880164889,-0.353848504856
-0.543856607614,0.90258935659,-0.337376840795
-0.584964206401,0.890044916748,-0.3840640353
-0.598659674495,0.929662112986,-0.384063387835
-0.622894468489,0.894057819248,-0.419231798322
-0.622894468489,0.894057819248,-0.419231798322
-0.622894468489,0.894057819248,-0.419231798322
-0.622894468489,0.894057819248,-0.419231798322
-0.600551574248,0.947046730442,-0.380937011431
-0.600551574248,0.947046730442,-0.380937011431
-0.622894468489,0.894057819248,-0.419231798322
-0.584964206401,0.890044916748,-0.3840640353
-0.606933588872,0.931329417225,-0.391781764903
-0.622894468489,0.894057819248,-0.419231798322
-0.622894468489,0.894057819248,-0.419231798322
-0.622894468489,0.894057819248,-0.419231798322
-0.622894468489,0.894057819248,-0.419231798322
-0.600750499308,0.942605097425,-0.382338789795
-0.514502762826,0.877582360481,-0.315988412934
-0.542315669848,0.890279997323,-0.341232219365
-0.540031203847,0.891289305328,-0.33765991744
-0.587061890673,0.895102441065,-0.382164303756
-0.621512476692,0.920147382785,-0.409517809605
-0.587061890673,0.895102441065,-0.382164303756
-0.587061890673,0.895102441065,-0.382164303756
-0.618054393241,0.906937768698,-0.411950947772
-0.587061890673,0.895102441065,-0.382164303756
-0.516901416865,0.828035845793,-0.341142233984
-0.587061890673,0.895102441065,-0.382164303756
-0.618054393241,0.906937768698,-0.411950947772
-0.540031203847,0.891289305328,-0.33765991744
-0.540031203847,0.891289305328,-0.33765991744
-0.609384473371,0.947501241449,-0.389691655511
-0.609384473371,0.947501241449,-0.389691655511
-0.540031203847,0.891289305328,-0.33765991744
-0.587061890673,0.895102441065,-0.382164303756
-0.540031203847,0.891289305328,-0.33765991744
-0.599173876219,0.916293294711,-0.388205193584
-0.618054393241,0.906937768698,-0.411950947772
-0.599173876219,0.916293294711,-0.388205193584
-0.504152259918,0.89127107536,-0.301634445238
-0.621512476692,0.920147382785,-0.409517809605
-0.609384473371,0.947501241449,-0.389691655511
-0.533211234332,0.920611347664,-0.320786084869
-0.599470604465,0.890393423458,-0.397994202053
-0.599470604465,0.890393423458,-0.397994202053
-0.534670316293,0.820473425547,-0.364681732666
-0.532677778538,0.859782046825,-0.343932065913
-0.599470604465,0.890393423458,-0.397994202053
-0.599470604465,0.890393423458,-0.397994202053
-0.684703756281,0.966975044825,-0.45991926763
-0.684703756281,0.966975044825,-0.45991926763
-0.55636569838,0.87367210578,-0.362177477471
-0.601041137891,0.919658293119,-0.389352525367
-0.647536627979,0.948657823699,-0.42748589837
-0.599470604465,0.890393423458,-0.397994202053
-0.684703756281,0.966975044825,-0.45991926763
-0.56939664025,0.883432748483,-0.370260956156
-0.541343681996,0.925446566668,-0.327772337274
-0.599470604465,0.890393423458,-0.397994202053
-0.684703756281,0.966975044825,-0.45991926763
-0.647536627979,0.948657823699,-0.42748589837
-0.616580639126,0.943679997721,-0.397771390491
-0.647536627979,0.948657823699,-0.42748589837
-0.616580639126,0.943679997721,-0.397771390491
-0.616580639126,0.943679997721,-0.397771390491
-0.595052832907,0.926738663291,-0.381463136949
-0.532677778538,0.859782046825,-0.343932065913
-0.56939664025,0.883432748483,-0.370260956156
-0.532677778538,0.859782046825,-0.343932065913
-0.568050862497,0.898857522397,-0.36259751662
-0.579766177468,0.918676700684,-0.368496177404
-0.579766177468,0.918676700684,-0.368496177404
-0.589701179168,0.869418531106,-0.395811775701
-0.589701179168,0.869418531106,-0.395811775701
-0.473957271118,0.857107902684,-0.283374130137
-0.589701179168,0.869418531106,-0.395811775701
-0.589701179168,0.869418531106,-0.395811775701
-0.589701179168,0.869418531106,-0.395811775701
-0.589701179168,0.869418531106,-0.395811775701
-0.579766177468,0.918676700684,-0.368496177404
-0.585734512417,0.933681892745,-0.369733393211
-0.54327142915,0.841906450848,-0.360839164159
-0.589701179168,0.869418531106,-0.395811775701
-0.585734512417,0.933681892745,-0.369733393211
-0.568050862497,0.898857522397,-0.36259751662
-0.589701179168,0.869418531106,-0.395811775701
-0.456221642914,0.871946001536,-0.259852884129
-0.509233498343,0.902941860855,-0.302081238609
-0.507390657264,0.877272481714,-0.310150072327
-0.589701179168,0.869418531106,-0.395811775701
-0.589701179168,0.869418531106,-0.395811775701
-0.568050862497,0.898857522397,-0.36259751662
-0.579766177468,0.918676700684,-0.368496177404
-0.585734512417,0.933681892745,-0.369733393211
-0.54327142915,0.841906450848,-0.360839164159
-0.589701179168,0.869418531106,-0.395811775701
-0.553156072249,0.825120858495,-0.379725587331
-0.553156072249,0.825120858495,-0.379725587331
-0.655270124547,0.904229653055,-0.448273694277
-0.575555550194,0.866937533801,-0.38284901029
-0.718291935727,0.928078379589,-0.503866108287
-0.655270124547,0.904229653055,-0.448273694277
-0.613725045919,0.916538270104,-0.402738788381
-0.575555550194,0.866937533801,-0.38284901029
-0.718291935727,0.928078379589,-0.503866108287
-0.553156072249,0.825120858495,-0.379725587331
-0.655270124547,0.904229653055,-0.448273694277
-0.718291935727,0.928078379589,-0.503866108287
-0.718291935727,0.928078379589,-0.503866108287
-0.718291935727,0.928078379589,-0.503866108287
-0.655270124547,0.904229653055,-0.448273694277
-0.655270124547,0.904229653055,-0.448273694277
-0.613725045919,0.916538270104,-0.402738788381
-0.718291935727,0.928078379589,-0.503866108287
-0.575555550194,0.866937533801,-0.38284901029
-0.655270124547,0.904229653055,-0.448273694277
-0.655270124547,0.904229653055,-0.448273694277
-0.718291935727,0.928078379589,-0.503866108287
-0.553156072249,0.825120858495,-0.379725587331
-0.553156072249,0.825120858495,-0.379725587331
-0.553156072249,0.825120858495,-0.379725587331
-0.613725045919,0.916538270104,-0.402738788381
-0.553156072249,0.825120858495,-0.379725587331
-0.655270124547,0.904229653055,-0.448273694277
-0.654080538957,0.965856569866,-0.429575106622
-0.626899248327,0.873033158351,-0.434169571637
-0.626899248327,0.873033158351,-0.434169571637
-0.660075792318,0.904951753117,-0.452085080746
-0.700725969941,0.932957376625,-0.484923103414
-0.700725969941,0.932957376625,-0.484923103414
-0.597628435906,0.918398928039,-0.386600558607
-0.623606784502,0.880349463445,-0.425546224666
-0.501026264785,0.840460449384,-0.319802369914
-0.660075792318,0.904951753117,-0.452085080746
-0.700725969941,0.932957376625,-0.484923103414
-0.700725969941,0.932957376625,-0.484923103414
-0.623606784502,0.880349463445,-0.425546224666
-0.654080538957,0.965856569866,-0.429575106622
-0.553902028574,0.872836724786,-0.357951027059
-0.686434232348,0.93096350405,-0.471533183777
-0.700725969941,0.932957376625,-0.484923103414
-0.597628435906,0.918398928039,-0.386600558607
-0.585710721146,0.88934402532,-0.384156497634
-0.50381431038,0.83305878621,-0.325797692217
-0.700725969941,0.932957376625,-0.484923103414
-0.480522590178,0.771016649406,-0.331414878671
-0.623606784502,0.880349463445,-0.425546224666
-0.686434232348,0.93096350405,-0.471533183777
-0.478154533964,0.845824897012,-0.294129640524
-0.660075792318,0.904951753117,-0.452085080746
-0.660075792318,0.904951753117,-0.452085080746
-0.623606784502,0.880349463445,-0.425546224666
-0.623606784502,0.880349463445,-0.425546224666
-0.700725969941,0.932957376625,-0.484923103414
-0.59574337834,0.889355068732,-0.39393862977
-0.670992998337,0.949396734894,-0.451003801529
-0.670992998337,0.949396734894,-0.451003801529
-0.623996513488,0.862674159499,-0.432208856613
-0.623996513488,0.862674159499,-0.432208856613
-0.623996513488,0.862674159499,-0.432208856613
-0.670992998337,0.949396734894,-0.451003801529
-0.580223151248,0.919254732285,-0.368498523127
-0.540275190455,0.93009831082,-0.325472895114
-0.614094034946,0.938408380618,-0.396943588955
-0.623996513488,0.862674159499,-0.432208856613
-0.59574337834,0.889355068732,-0.39393862977
-0.670992998337,0.949396734894,-0.451003801529
-0.623996513488,0.862674159499,-0.432208856613
-0.670992998337,0.949396734894,-0.451003801529
-0.623996513488,0.862674159499,-0.432208856613
-0.670992998337,0.949396734894,-0.451003801529
-0.540275190455,0.93009831082,-0.325472895114
-0.540275190455,0.93009831082,-0.325472895114
-0.614094034946,0.938408380618,-0.396943588955
-0.547148286688,0.87082969893,-0.354599212636
-0.59574337834,0.889355068732,-0.39393862977
-0.653477819414,0.942599386851,-0.434937105616
-0.653477819414,0.942599386851,-0.434937105616
-0.614094034946,0.938408380618,-0.396943588955
-0.670992998337,0.949396734894,-0.451003801529
-0.670992998337,0.949396734894,-0.451003801529
-0.614094034946,0.938408380618,-0.396943588955
-0.59574337834,0.889355068732,-0.39393862977
-0.623996513488,0.862674159499,-0.432208856613
-0.545367679513,0.829308337563,-0.371954192945
-0.534894975872,0.866373038913,-0.341347367048
-0.601116445004,0.921014969365,-0.389242963251
-0.545367679513,0.829308337563,-0.371954192945
-0.601116445004,0.921014969365,-0.389242963251
-0.519729500166,0.860047718148,-0.32975527206
-0.601116445004,0.921014969365,-0.389242963251
-0.601116445004,0.921014969365,-0.389242963251
-0.619070616688,0.944573370303,-0.400235463082
-0.580216864246,0.871057538739,-0.386075848972
-0.592497075944,0.905167775975,-0.385532349132
-0.522185747974,0.893659890136,-0.318094525768
-0.562057705398,0.941754305491,-0.343919587988
-0.580216864246,0.871057538739,-0.386075848972
-0.601116445004,0.921014969365,-0.389242963251
-0.601116445004,0.921014969365,-0.389242963251
-0.556833633646,0.953374729092,-0.335609177256
-0.580216864246,0.871057538739,-0.386075848972
-0.557683911081,0.890437457858,-0.357674256412
-0.543624279227,0.867025642468,-0.349711726187
-0.601116445004,0.921014969365,-0.389242963251
-0.545367679513,0.829308337563,-0.371954192945
-0.592497075944,0.905167775975,-0.385532349132
-0.522185747974,0.893659890136,-0.318094525768
-0.592497075944,0.905167775975,-0.385532349132
-0.580216864246,0.871057538739,-0.386075848972
-0.551382347973,0.921779825352,-0.338931456221
-0.582460687789,0.945031718147,-0.363551697889
-0.58180569327,0.905064285532,-0.374588170877
-0.594556020766,0.889048681082,-0.393254903992
-0.638912924074,0.950812720437,-0.418384201606
-0.569077352439,0.858164092233,-0.379329736922
-0.554987356551,0.888942291898,-0.353806204202
-0.551382347973,0.921779825352,-0.338931456221
-0.47513903008,0.87597762751,-0.278127529275
-0.638912924074,0.950812720437,-0.418384201606
-0.594556020766,0.889048681082,-0.393254903992
-0.539357337483,0.85857707002,-0.349434745157
-0.551382347973,0.921779825352,-0.338931456221
-0.547109667194,0.878610608021,-0.35145313937
-0.638912924074,0.950812720437,-0.418384201606
-0.594556020766,0.889048681082,-0.393254903992
-0.582460687789,0.945031718147,-0.363551697889
-0.471855064507,0.842645001725,-0.288670520378
-0.551382347973,0.921779825352,-0.338931456221
-0.539357337483,0.85857707002,-0.349434745157
-0.539357337483,0.85857707002,-0.349434745157
-0.451572933281,0.828324110611,-0.273122330579
-0.594556020766,0.889048681082,-0.393254903992
-0.551382347973,0.921779825352,-0.338931456221
-0.569077352439,0.858164092233,-0.379329736922
-0.638912924074,0.950812720437,-0.418384201606
-0.592311784495,0.904403572104,-0.387079715129
-0.641340379478,0.930886914505,-0.426412915051
-0.55959030106,0.871115939351,-0.365597340062
-0.621082451391,0.958393995525,-0.398501637505
-0.503145789358,0.864288460678,-0.309838601141
-0.588728645738,0.901780635591,-0.384775293225
-0.524753751902,0.853449904253,-0.337589285054
-0.531215341711,0.881355580199,-0.333077689239
-0.641340379478,0.930886914505,-0.426412915051
-0.588728645738,0.901780635591,-0.384775293225
-0.55959030106,0.871115939351,-0.365597340062
-0.641340379478,0.930886914505,-0.426412915051
-0.641340379478,0.930886914505,-0.426412915051
-0.589207586334,0.895979798763,-0.386603423732
-0.562888332865,0.936246813056,-0.346505099992
-0.589207586334,0.895979798763,-0.386603423732
-0.641340379478,0.930886914505,-0.426412915051
-0.589207586334,0.895979798763,-0.386603423732
-0.589207586334,0.895979798763,-0.386603423732
-0.589207586334,0.895979798763,-0.386603423732
-0.641340379478,0.930886914505,-0.426412915051
-0.592311784495,0.904403572104,-0.387079715129
-0.621082451391,0.958393995525,-0.398501637505
-0.589207586334,0.895979798763,-0.386603423732
-0.58727677044,0.868945243762,-0.394539702871
-0.549696011324,0.822894980806,-0.373202642582
-0.565219324065,0.864663654175,-0.372607430827
-0.644517874504,0.934453240112,-0.427985503688
-0.565219324065,0.864663654175,-0.372607430827
-0.549696011324,0.822894980806,-0.373202642582
-0.594490812424,0.902581413736,-0.389755587458
-0.545406011601,0.832844574427,-0.367815433898
-0.595952954987,0.948466198727,-0.375929976466
-0.613958072613,0.901159520196,-0.409057043777
-0.613958072613,0.901159520196,-0.409057043777
-0.595952954987,0.948466198727,-0.375929976466
-0.549696011324,0.822894980806,-0.373202642582
-0.644517874504,0.934453240112,-0.427985503688
-0.613958072613,0.901159520196,-0.409057043777
-0.583153918635,0.909311219052,-0.374435628919
-0.644517874504,0.934453240112,-0.427985503688
-0.583153918635,0.909311219052,-0.374435628919
-0.594490812424,0.902581413736,-0.389755587458
-0.583060396793,0.914521083207,-0.372766547181
-0.488583119957,0.758834344986,-0.363012649515
-0.583060396793,0.914521083207,-0.372766547181
-0.613958072613,0.901159520196,-0.409057043777
-0.565219324065,0.864663654175,-0.372607430827
-0.613958072613,0.901159520196,-0.409057043777
-0.594490812424,0.902581413735,-0.389755587458
-0.58727677044,0.868945243762,-0.394539702871
-0.611255281746,0.898976935806,-0.406681500443
-0.496828279857,0.831815351706,-0.317520777649
-0.611255281746,0.898976935806,-0.406681500443
-0.754796084924,0.986064428479,-0.525109416376
-0.487866346261,0.829730118733,-0.306563470035
-0.581337459774,0.896024766274,-0.37684400006
-0.594658262769,0.911508979877,-0.385332744713
-0.754796084924,0.986064428479,-0.525109416376
-0.611255281746,0.898976935806,-0.406681500443
-0.754796084924,0.986064428479,-0.525109416376
-0.754796084924,0.986064428479,-0.525109416376
-0.611255281746,0.898976935806,-0.406681500443
-0.611255281746,0.898976935806,-0.406681500443
-0.594658262769,0.911508979877,-0.385332744713
-0.611255281746,0.898976935806,-0.406681500443
-0.496828279857,0.831815351706,-0.317520777649
-0.594658262769,0.911508979877,-0.385332744713
-0.594658262769,0.911508979877,-0.385332744713
-0.611255281746,0.898976935806,-0.406681500443
-0.754796084924,0.986064428479,-0.525109416376
-0.594658262769,0.911508979877,-0.385332744713
-0.597936709373,0.941941680883,-0.379955313981
-0.6144283511,0.878962120753,-0.414278964077
-0.571553614705,0.843391471768,-0.387268379877
-0.553894074581,0.914568210912,-0.343201944792
-0.571553614705,0.843391471768,-0.387268379877
-0.604191904617,0.898322752557,-0.399128326862
-0.597936709373,0.941941680883,-0.379955313981
-0.547210666116,0.917861197698,-0.336116827708
-0.604191904617,0.898322752557,-0.399128326862
-0.545645902971,0.883004378158,-0.348480299284
-0.466513076951,0.811648576557,-0.300296026196
-0.571553614705,0.843391471768,-0.387268379877
-0.604191904617,0.898322752557,-0.399128326862
-0.597936709373,0.941941680883,-0.379955313981
-0.490148522426,0.821522989066,-0.317893399297
-0.570359287056,0.937297586557,-0.35340408538
-0.545645902971,0.883004378158,-0.348480299284
-0.571553614705,0.843391471768,-0.387268379877
-0.545645902971,0.883004378158,-0.348480299284
-0.541930129746,0.895195926796,-0.338033616273
-0.491549455591,0.841807186002,-0.308483378047
-0.571553614705,0.843391471768,-0.387268379877
-0.565618624706,0.854083258651,-0.378029690344
-0.565618624706,0.854083258651,-0.378029690344
-0.547210666116,0.917861197698,-0.336116827708
-0.6144283511,0.878962120753,-0.414278964077
-0.604191904617,0.898322752557,-0.399128326862
-0.604191904617,0.898322752557,-0.399128326862
-0.571553614705,0.843391471768,-0.387268379877
-0.597936709373,0.941941680883,-0.379955313981
-0.648700368399,0.885384062204,-0.44757837678
-0.648700368399,0.885384062204,-0.44757837678
-0.562525641101,0.902913694401,-0.356113933174
-0.577355556774,0.926114375695,-0.363405784586
-0.640509234093,0.918036067459,-0.429169490758
-0.617194790727,0.884516007376,-0.415913882228
-0.607709917067,0.901491360186,-0.401970372179
-0.617194790727,0.884516007376,-0.415913882228
-0.617194790727,0.884516007376,-0.415913882228
-0.577355556774,0.926114375695,-0.363405784586
-0.617194790727,0.884516007376,-0.415913882228
-0.617194790727,0.884516007376,-0.415913882228
-0.617194790727,0.884516007376,-0.415913882228
-0.648700368399,0.885384062204,-0.44757837678
-0.617194790727,0.884516007376,-0.415913882228
-0.648700368399,0.885384062204,-0.44757837678
-0.607709917067,0.901491360186,-0.401970372179
-0.638112490649,0.976651686193,-0.410810084006
-0.617194790727,0.884516007376,-0.415913882228
-0.640509234093,0.918036067459,-0.429169490758
-0.617194790727,0.884516007376,-0.415913882228
-0.648700368399,0.885384062204,-0.44757837678
-0.553975765824,0.894107559556,-0.352840125663
-0.640509234093,0.918036067459,-0.429169490758
-0.640509234093,0.918036067459,-0.429169490758
-0.653780173815,0.91827559433,-0.44218822115
-0.573595879777,0.860561522021,-0.38352944988
-0.653780173815,0.91827559433,-0.44218822115
-0.575357944736,0.888480583916,-0.372235110087
-0.519287456238,0.887678173578,-0.317864844531
-0.558598170074,0.869720567263,-0.363605845645
-0.573595879777,0.860561522021,-0.38352944988
-0.653780173815,0.91827559433,-0.44218822115
-0.653780173815,0.91827559433,-0.44218822115
-0.58214172077,0.908419001456,-0.373574629045
-0.579292462528,0.930014237833,-0.364051603825
-0.573595879777,0.860561522021,-0.38352944988
-0.653780173815,0.91827559433,-0.44218822115
-0.573595879777,0.860561522021,-0.38352944988
-0.653780173815,0.91827559433,-0.44218822115
-0.573595879777,0.860561522021,-0.38352944988
-0.653780173815,0.91827559433,-0.44218822115
-0.57092531901,0.859244986004,-0.380398013326
-0.653780173815,0.91827559433,-0.44218822115
-0.558598170074,0.869720567263,-0.363605845645
-0.540264813135,0.844140208079,-0.363719900349
-0.558598170074,0.869720567263,-0.363605845645
-0.558598170074,0.869720567263,-0.363605845645
-0.579292462528,0.930014237833,-0.364051603825
-0.558598170074,0.869720567263,-0.363605845645
-0.653780173815,0.91827559433,-0.44218822115
-0.573595879777,0.860561522021,-0.38352944988
-0.573595879777,0.860561522021,-0.38352944988
-0.653780173815,0.91827559433,-0.44218822115
-0.597677655513,0.910207619149,-0.387828567206
-0.478618263982,0.821819268985,-0.30293103919
-0.55793019268,0.838553070523,-0.376701021423
-0.499698926485,0.861845832145,-0.31150358554
-0.55786764407,0.894474055398,-0.353474181911
-0.461480892754,0.833165368818,-0.27985312931
-0.495008669342,0.846620034979,-0.309390291001
-0.597677655513,0.910207619149,-0.387828567206
-0.499698926485,0.861845832145,-0.31150358554
-0.486162159254,0.838333100389,-0.304738740018
-0.597677655513,0.910207619149,-0.387828567206
-0.55793019268,0.838553070523,-0.376701021423
-0.55793019268,0.838553070523,-0.376701021423
-0.55793019268,0.838553070523,-0.376701021423
-0.506430347173,0.853059856022,-0.317107533034
-0.557985257584,0.921343812767,-0.345578747553
-0.596463948813,0.884892601148,-0.396143134089
-0.531709139341,0.892339593804,-0.328798391602
-0.588261748923,0.912111465412,-0.379073341268
-0.644775990279,0.895666184752,-0.440997706204
-0.53043102733,0.875268487737,-0.334274790381
-0.572236351809,0.926220802699,-0.358419927787
-0.53043102733,0.875268487737,-0.334274790381
-0.572214106256,0.871228475125,-0.381034960375
-0.642205482956,0.940165173897,-0.424656785044
-0.644775990279,0.895666184752,-0.440997706204
-0.55830463014,0.878122196056,-0.361127132167
-0.54176638427,0.804630911389,-0.378026028669
-0.563687802851,0.915593150409,-0.353631094905
-0.642205482956,0.940165173897,-0.424656785044
-0.558450570015,0.870333925169,-0.36360225969
-0.596463948813,0.884892601148,-0.396143134089
-0.537108008109,0.913635913166,-0.327037325431
-0.54176638427,0.804630911389,-0.378026028669
-0.588261748923,0.912111465412,-0.379073341268
-0.54176638427,0.804630911389,-0.378026028669
-0.54176638427,0.804630911389,-0.378026028669
-0.572214106256,0.871228475125,-0.381034960375
-0.54176638427,0.804630911389,-0.378026028669
-0.54176638427,0.804630911389,-0.378026028669
-0.588261748923,0.912111465412,-0.379073341268
-0.572236351809,0.926220802699,-0.358419927787
-0.642205482956,0.940165173897,-0.424656785044
-0.597355225678,0.87346038853,-0.403939572579
-0.73871737316,0.965965957473,-0.513976598416
-0.73871737316,0.965965957473,-0.513976598416
-0.497340014137,0.883920690185,-0.296914658588
-0.597355225678,0.87346038853,-0.403939572579
-0.597355225678,0.87346038853,-0.403939572579
-0.597355225678,0.87346038853,-0.403939572579
-0.73871737316,0.965965957473,-0.513976598416
-0.608472395632,0.901907415531,-0.403560397846
-0.597355225678,0.87346038853,-0.403939572579
-0.597355225678,0.87346038853,-0.403939572579
-0.58905684942,0.866126762396,-0.39783093452
-0.73871737316,0.965965957473,-0.513976598416
-0.73871737316,0.965965957473,-0.513976598416
-0.73871737316,0.965965957473,-0.513976598416
-0.608472395632,0.901907415531,-0.403560397846
-0.54262156098,0.889773750936,-0.340739825617
-0.54111454185,0.892713413215,-0.338375806959
-0.491195798132,0.875239016134,-0.293671759319
-0.73871737316,0.965965957473,-0.513976598416
-0.73871737316,0.965965957473,-0.513976598416
-0.58905684942,0.866126762396,-0.39783093452
-0.58905684942,0.866126762396,-0.39783093452
-0.431600196575,0.744817245359,-0.30430149604
-0.597355225678,0.87346038853,-0.403939572579
-0.54111454185,0.892713413215,-0.338375806959
-0.73871737316,0.965965957473,-0.513976598416
-0.73871737316,0.965965957473,-0.513976598416
-0.608472395632,0.901907415531,-0.403560397846
-0.686889661538,0.921143917575,-0.475319423402
-0.686889661538,0.921143917575,-0.475319423402
-0.553546525902,0.894612694816,-0.350836683248
-0.686889661538,0.921143917575,-0.475319423402
-0.587350210952,0.943644588191,-0.368624207313
-0.52367069511,0.835966874504,-0.344289766864
-0.686889661538,0.921143917575,-0.475319423402
-0.557154176677,0.891736538403,-0.354146224781
-0.581393430364,0.934610115084,-0.365320588153
-0.526207301167,0.920378160449,-0.314108711141
-0.567321795475,0.892263636946,-0.364357778219
-0.686889661538,0.921143917575,-0.475319423402
-0.686889661538,0.921143917575,-0.475319423402
-0.548840383487,0.888036059449,-0.347361837963
-0.686889661538,0.921143917575,-0.475319423402
-0.686889661538,0.921143917575,-0.475319423402
-0.686889661538,0.921143917575,-0.475319423402
-0.587350210952,0.943644588191,-0.368624207313
-0.45960498055,0.850400079034,-0.2715784112
-0.52631749861,0.87207902679,-0.334222415652
-0.52367069511,0.835966874504,-0.344289766864
-0.686889661538,0.921143917575,-0.475319423402
-0.553030604301,0.913064411996,-0.343851148223
-0.51083155599,0.841296920778,-0.326896895667
-0.584714097245,0.874045657072,-0.388533000626
-0.686889661538,0.921143917575,-0.475319423402
-0.581395347885,0.935591790105,-0.364990121892
-0.529387859264,0.770933851579,-0.38379889735
-0.685455262114,0.97570267224,-0.458405953156
-0.571952030664,0.868717062093,-0.377215843399
-0.692399970788,0.946196784524,-0.472839629738
-0.529387859264,0.770933851579,-0.38379889735
-0.685455262114,0.97570267224,-0.458405953156
-0.692399970788,0.946196784524,-0.472839629738
-0.692399970788,0.946196784524,-0.472839629738
-0.692399970788,0.946196784524,-0.472839629738
-0.529387859264,0.770933851579,-0.38379889735
-0.529387859264,0.770933851579,-0.38379889735
-0.579350005974,0.907965983711,-0.370671933144
-0.579350005974,0.907965983711,-0.370671933144
-0.579350005974,0.907965983711,-0.370671933144
-0.571952030664,0.868717062093,-0.377215843399
-0.563026852117,0.940882923865,-0.345127134816
-0.529387859264,0.770933851579,-0.38379889735
-0.579350005974,0.907965983711,-0.370671933144
-0.692399970788,0.946196784524,-0.472839629738
-0.692399970788,0.946196784524,-0.472839629738
-0.529387859264,0.770933851579,-0.38379889735
-0.495492565426,0.871340061742,-0.300348553003
-0.529387859264,0.770933851579,-0.38379889735
-0.529387859264,0.770933851579,-0.38379889735
-0.579350005974,0.907965983711,-0.370671933144
-0.685455262114,0.97570267224,-0.458405953156
-0.692399970788,0.946196784524,-0.472839629738
-0.50750404191,0.913092114053,-0.297635417308
-0.546901551263,0.937196829026,-0.330231302292
-0.664638229619,0.915152765291,-0.455438569651
-0.680218982382,0.942383082553,-0.461539269525
-0.442523342764,0.766046104562,-0.297570543341
-0.664638229619,0.915152765291,-0.455438569651
-0.613843749009,0.92168216522,-0.401288397163
-0.614128419593,0.874297114827,-0.419688047617
-0.680218982382,0.942383082553,-0.461539269525
-0.614128419593,0.874297114827,-0.419688047617
-0.664638229619,0.915152765291,-0.455438569651
-0.664638229619,0.915152765291,-0.455438569651
-0.680218982382,0.942383082553,-0.461539269525
-0.614128419593,0.874297114827,-0.419688047617
-0.664638229619,0.915152765291,-0.455438569651
-0.664638229619,0.915152765291,-0.455438569651
-0.520378869131,0.867521220767,-0.326438263181
-0.664638229619,0.915152765291,-0.455438569651
-0.664638229619,0.915152765291,-0.455438569651
-0.664638229619,0.915152765291,-0.455438569651
-0.664638229619,0.915152765291,-0.455438569651
-0.584330100329,0.899681489021,-0.379442953529
-0.645127715428,0.94887274311,-0.42510677405
-0.599667686953,0.894087802398,-0.396707324526
-0.533859668269,0.860958506741,-0.342103307698
-0.545453716539,0.851612300552,-0.359155259616
-0.634228965096,0.968161636389,-0.409100061776
-0.607752614108,0.941177026087,-0.389783031936
-0.610108144186,0.960585488516,-0.386957141291
-0.645127715428,0.94887274311,-0.42510677405
-0.470751726228,0.760937895926,-0.343296339747
-0.470751726228,0.760937895926,-0.343296339747
-0.634228965096,0.968161636389,-0.409100061776
-0.533859668269,0.860958506741,-0.342103307698
-0.500697168961,0.794152610162,-0.342635989579
-0.645127715428,0.94887274311,-0.42510677405
-0.470751726228,0.760937895926,-0.343296339747
-0.645127715428,0.94887274311,-0.42510677405
-0.645127715428,0.94887274311,-0.42510677405
-0.645127715428,0.94887274311,-0.42510677405
-0.545453716539,0.851612300552,-0.359155259616
-0.500697168961,0.794152610162,-0.342635989579
-0.610108144186,0.960585488516,-0.386957141291
-0.634228965096,0.968161636389,-0.409100061776
-0.599667686953,0.894087802398,-0.396707324526
-0.545453716539,0.851612300552,-0.359155259616
-0.610108144186,0.960585488516,-0.386957141291
-0.545453716539,0.851612300552,-0.359155259616
-0.487749491005,0.832057383257,-0.308661102609
-0.559674512117,0.829653530623,-0.383361508284
-0.564732092945,0.861302242214,-0.376934829329
-0.474755954511,0.86175296061,-0.283099109147
-0.564732092945,0.861302242214,-0.376934829329
-0.588541387758,0.943704883107,-0.369979748076
-0.649418410088,0.919692809658,-0.43789810953
-0.587678995354,0.877182562626,-0.392968083421
-0.599978851352,0.908302060942,-0.391844360943
-0.599978851352,0.908302060942,-0.391844360943
-0.559674512117,0.829653530623,-0.383361508284
-0.592374555121,0.90252186085,-0.387228211911
-0.629756959036,0.905747692702,-0.423475551132
-0.636200690806,0.915044343742,-0.426402780747
-0.649418410088,0.919692809658,-0.43789810953
-0.564732092945,0.861302242214,-0.376934829329
-0.587678995354,0.877182562626,-0.392968083421
-0.629756959036,0.905747692702,-0.423475551132
-0.629756959036,0.905747692702,-0.423475551132
-0.559674512117,0.829653530623,-0.383361508284
-0.615407287401,0.940237038693,-0.397807498572
-0.615407287401,0.940237038693,-0.397807498572
-0.629756959036,0.905747692702,-0.423475551132
-0.599978851352,0.908302060942,-0.391844360943
-0.599978851352,0.908302060942,-0.391844360943
-0.636200690806,0.915044343742,-0.426402780747
-0.55216512956,0.910183919073,-0.343404478801
-0.588541387758,0.943704883107,-0.369979748076
-0.554198022993,0.906082997048,-0.346742473093
-0.689713993666,0.928334640537,-0.476151168184
-0.689713993666,0.928334640537,-0.476151168184
-0.638604186466,0.945904208097,-0.419213291214
-0.501463292607,0.810163950763,-0.335899029311
-0.689713993666,0.928334640537,-0.476151168184
-0.7028079616,0.978109937464,-0.475145017075
-0.599565739748,0.909838851143,-0.390969189827
-0.582419238394,0.896445494577,-0.37907515076
-0.605683986451,0.927950338669,-0.391185128273
-0.638604186466,0.945904208097,-0.419213291214
-0.7028079616,0.978109937464,-0.475145017075
-0.638604186466,0.945904208097,-0.419213291214
-0.552402462847,0.931860378951,-0.336879873101
-0.521694317825,0.911006763846,-0.312834862308
-0.65284882853,0.921694285968,-0.44075947579
-0.582419238394,0.896445494577,-0.37907515076
-0.65284882853,0.921694285969,-0.44075947579
-0.689713993666,0.928334640537,-0.476151168184
-0.582419238394,0.896445494577,-0.37907515076
-0.689713993666,0.928334640537,-0.476151168184
-0.532515091594,0.831305836476,-0.354573292895
-0.532515091595,0.831305836476,-0.354573292895
-0.532515091594,0.831305836476,-0.354573292895
-0.539375820086,0.808876990296,-0.375530226522
-0.538680965019,0.906404470236,-0.331018766171
-0.597851459784,0.927278374775,-0.384055599252
-0.568255303263,0.942858446052,-0.349765893508
-0.597851459784,0.927278374775,-0.384055599252
-0.588546392781,0.903115168219,-0.381945641721
-0.499665052495,0.758315353058,-0.361886866485
-0.613602610748,0.96962909723,-0.388114559162
-0.601940422919,0.905367046729,-0.396208572096
-0.409627353971,0.70380315384,-0.30839214983
-0.613602610748,0.96962909723,-0.388114559162
-0.588546392781,0.903115168219,-0.381945641721
-0.532515091594,0.831305836476,-0.354573292895
-0.506121565659,0.864135894379,-0.311513517736
-0.532515091594,0.831305836476,-0.354573292895
-0.532515091595,0.831305836476,-0.354573292895
-0.547996677355,0.896767825966,-0.342987886756
-0.613602610748,0.96962909723,-0.388114559162
-0.409627353971,0.70380315384,-0.30839214983
-0.597851459784,0.927278374775,-0.384055599252
-0.748424213388,0.965507790177,-0.523741937085
-0.545485318437,0.853398658956,-0.356261696322
-0.748424213388,0.965507790177,-0.523741937085
-0.748424213388,0.965507790177,-0.523741937085
-0.579161881381,0.904029314894,-0.373069226699
-0.551956089982,0.925762691553,-0.338187744857
-0.579161881381,0.904029314894,-0.373069226699
-0.748424213388,0.965507790177,-0.523741937085
-0.579161881381,0.904029314894,-0.373069226699
-0.748424213388,0.965507790177,-0.523741937085
-0.748424213388,0.965507790177,-0.523741937085
-0.748424213388,0.965507790177,-0.523741937085
-0.519105434666,0.831306249034,-0.345045102058
-0.608097230873,0.934653760999,-0.39202760897
-0.608097230873,0.934653760999,-0.39202760897
-0.553034918616,0.875180996545,-0.356455932932
-0.544723972118,0.89239537748,-0.342875308173
-0.593631812625,0.897863123698,-0.390022619033
-0.608097230873,0.934653760999,-0.39202760897
-0.608097230873,0.934653760999,-0.39202760897
-0.608097230873,0.934653760999,-0.39202760897
-0.553034918616,0.875180996545,-0.356455932932
-0.50296397238,0.863004270626,-0.310517922474
-0.507813384074,0.886187756559,-0.307531291456
-0.507813384074,0.886187756559,-0.307531291456
-0.572526458605,0.922123879194,-0.360014139855
-0.553034918616,0.875180996545,-0.356455932932
-0.558697819408,0.872550525472,-0.362735948465
-0.593631812625,0.897863123698,-0.390022619033
-0.569133394895,0.928671311196,-0.354768271791
-0.593631812625,0.897863123698,-0.390022619033
-0.544723972118,0.89239537748,-0.342875308173
-0.608097230873,0.934653760999,-0.39202760897
-0.593631812625,0.897863123698,-0.390022619033
-0.632965236247,0.955998626464,-0.411042649468
-0.512302598857,0.824865364141,-0.334854300625
-0.512302598857,0.824865364141,-0.334854300625
-0.529076313414,0.872307566879,-0.333683958974
-0.512302598857,0.824865364141,-0.334854300625
-0.573333880767,0.900994456367,-0.367468090816
-0.512302598857,0.824865364141,-0.334854300625
-0.632965236247,0.955998626464,-0.411042649468
-0.59519647727,0.921106293973,-0.382728506164
-0.59519647727,0.921106293973,-0.382728506164
-0.642260984069,0.936938192889,-0.425287636734
-0.632965236247,0.955998626464,-0.411042649468
-0.512302598857,0.824865364141,-0.334854300625
-0.632965236247,0.955998626464,-0.411042649468
-0.633993566831,0.966839502121,-0.409224396329
-0.632965236247,0.955998626464,-0.411042649468
-0.485776139234,0.803599671427,-0.324636543574
-0.590466642109,0.941344032795,-0.372316699594
-0.538636047425,0.875536647752,-0.341407744327
-0.497092675447,0.890364512753,-0.294709322527
-0.491960163029,0.886115055879,-0.291034956715
-0.573333880767,0.900994456367,-0.367468090816
-0.59519647727,0.921106293973,-0.382728506164
-0.59519647727,0.921106293973,-0.382728506164
-0.512302598857,0.824865364141,-0.334854300625
-0.491900119314,0.880264360074,-0.292414921085
-0.573333880767,0.900994456367,-0.367468090816
-0.670976416454,0.969475048392,-0.445484165332
-0.542589421847,0.918703719736,-0.331073050782
-0.608546110378,0.863644918956,-0.419764494879
-0.597020912007,0.940158480828,-0.379273936626
-0.562211252267,0.849058261053,-0.378869720509
-0.570940919545,0.905688263044,-0.364122720547
-0.576162750004,0.917270252561,-0.365086028216
-0.562211252267,0.849058261053,-0.378869720509
-0.542900419615,0.878644194249,-0.347781842748
-0.600025299701,0.905172052033,-0.392583360975
-0.56219450752,0.953409041822,-0.340960021713
-0.558365938598,0.879804230418,-0.360201284762
-0.500683105993,0.887189970609,-0.299553857678
-0.562211252267,0.849058261053,-0.378869720509
-0.600025299701,0.905172052033,-0.392583360975
-0.576162750004,0.917270252561,-0.365086028216
-0.600025299701,0.905172052033,-0.392583360975
-0.562211252267,0.849058261053,-0.378869720509
-0.61322248029,0.947211200404,-0.393388011868
-0.670976416454,0.969475048392,-0.445484165332
-0.61322248029,0.947211200404,-0.393388011868
-0.61322248029,0.947211200404,-0.393388011868
-0.562211252267,0.849058261053,-0.378869720509
-0.594578617209,0.948974702761,-0.374540788032
-0.557043162169,0.854080615984,-0.370161517835
-0.570940919545,0.905688263044,-0.364122720547
-0.557043162169,0.854080615984,-0.370161517835
-0.508537939806,0.833579459697,-0.329995829046
-0.525137131447,0.917645323102,-0.313984728623
-0.479402533221,0.896498196205,-0.275025111353
-0.581813309069,0.927633537409,-0.367791466643
-0.551831821436,0.925017510193,-0.338211166268
-0.500005267592,0.86610893946,-0.307743871315
-0.568639225788,0.882924101132,-0.369479754564
-0.575662517282,0.944300630735,-0.356923976061
-0.491496212034,0.785679631171,-0.3369472741
-0.491496212034,0.785679631171,-0.3369472741
-0.508537939806,0.833579459697,-0.329995829046
-0.568639225788,0.882924101132,-0.369479754564
-0.507874446001,0.834354773584,-0.32748493633
-0.508537939806,0.833579459697,-0.329995829046
-0.708121172086,0.958516734225,-0.485419575559
-0.620628329652,0.963424976461,-0.396762814156
-0.649075474165,0.945430735428,-0.429817022193
-0.649075474165,0.945430735428,-0.429817022193
-0.649075474165,0.945430735428,-0.429817022193
-0.613162336773,0.866721111344,-0.420853970358
-0.543160518011,0.888968879014,-0.341786162292
-0.613162336773,0.866721111344,-0.420853970358
-0.613162336773,0.866721111344,-0.420853970358
-0.613162336773,0.866721111344,-0.420853970358
-0.504982110445,0.854756408454,-0.323567156881
-0.708121172086,0.958516734225,-0.485419575559
-0.649075474165,0.945430735428,-0.429817022193
-0.613162336773,0.866721111344,-0.420853970358
-0.649075474165,0.945430735428,-0.429817022193
-0.708121172086,0.958516734225,-0.485419575559
-0.649075474165,0.945430735428,-0.429817022193
-0.504982110445,0.854756408454,-0.323567156881
-0.708121172086,0.958516734225,-0.485419575559
-0.475530103927,0.801254139486,-0.31375570086
-0.495911643438,0.872527180916,-0.302687296791
-0.551493053441,0.908938945926,-0.343351640776
-0.555145558772,0.847273148892,-0.370567606246
-0.578117669498,0.93536108832,-0.361742310081
-0.708121172086,0.958516734225,-0.485419575559
-0.708121172086,0.958516734225,-0.485419575559
-0.649075474165,0.945430735428,-0.429817022193
-0.666471180825,0.920219352942,-0.455112972858
-0.546556924982,0.910026806305,-0.337479435749
-0.580337728413,0.897234863161,-0.375682499815
-0.643625702593,0.931528339178,-0.428004766547
-0.609113849971,0.932675808088,-0.393262842546
-0.643625702593,0.931528339178,-0.428004766547
-0.504791304452,0.912200145488,-0.295414062193
-0.563375777105,0.832010260381,-0.387937734408
-0.666471180825,0.920219352942,-0.455112972858
-0.580337728413,0.897234863161,-0.375682499815
-0.580337728413,0.897234863161,-0.375682499815
-0.448506514081,0.822747200181,-0.271116144981
-0.580337728413,0.897234863161,-0.375682499815
-0.643625702593,0.931528339178,-0.428004766547
-0.643625702593,0.931528339178,-0.428004766547
-0.666471180825,0.920219352942,-0.455112972858
-0.666471180825,0.920219352942,-0.455112972858
-0.609113849971,0.932675808088,-0.393262842546
-0.609113849971,0.932675808088,-0.393262842546
-0.643625702593,0.931528339178,-0.428004766547
-0.643625702593,0.931528339178,-0.428004766547
-0.666471180825,0.920219352942,-0.455112972858
-0.580337728413,0.897234863161,-0.375682499815
-0.609113849971,0.932675808088,-0.393262842546
-0.580337728413,0.897234863161,-0.375682499815
-0.538908843109,0.877099380449,-0.341973292242
-0.598630771435,0.888823597798,-0.396650949237
-0.62379028822,0.890693130648,-0.421099303408
-0.62379028822,0.890693130648,-0.421099303408
-0.607388505209,0.968338665702,-0.382222700106
-0.62379028822,0.890693130648,-0.421099303408
-0.5394912949,0.845354448805,-0.356054871744
-0.612788438613,0.941276606538,-0.394865312358
-0.558162577681,0.859649003711,-0.369447146425
-0.612788438613,0.941276606538,-0.394865312358
-0.62379028822,0.890693130648,-0.421099303408
-0.565349038212,0.857259874633,-0.379847409237
-0.598630771435,0.888823597798,-0.396650949237
-0.646082654834,0.903696801525,-0.441874222029
-0.598630771435,0.888823597798,-0.396650949237
-0.598630771435,0.888823597798,-0.396650949237
-0.585297712129,0.875364723682,-0.388203218405
-0.612788438613,0.941276606538,-0.394865312358
-0.646082654834,0.903696801525,-0.441874222029
-0.62379028822,0.890693130648,-0.421099303408
-0.536033363561,0.935691122312,-0.319626729299
-0.565349038212,0.857259874633,-0.379847409237
-0.646082654834,0.903696801525,-0.441874222029
-0.612788438613,0.941276606538,-0.394865312358
-0.720083864281,0.910498278412,-0.511641958301
-0.604042836852,0.896421078791,-0.40014518635
-0.537874614602,0.884662632395,-0.338008102954
-0.56256252102,0.894780321959,-0.361341096867
-0.720083864281,0.910498278412,-0.511641958301
-0.691948303833,0.904327058857,-0.484932264343
-0.707815823327,0.922777686702,-0.495615176444
-0.720083864281,0.910498278412,-0.511641958301
-0.691948303833,0.904327058857,-0.484932264343
-0.552857100262,0.87594125266,-0.35880775324
-0.72008386428,0.910498278412,-0.511641958301
-0.56256252102,0.894780321959,-0.361341096867
-0.691948303833,0.904327058857,-0.484932264343
-0.537874614602,0.884662632395,-0.338008102954
-0.691948303833,0.904327058857,-0.484932264343
-0.691948303833,0.904327058857,-0.484932264343
-0.72008386428,0.910498278412,-0.511641958301
-0.685574570241,0.969205569238,-0.460176947489
-0.72008386428,0.910498278412,-0.511641958301
-0.691948303833,0.904327058857,-0.484932264343
-0.72008386428,0.910498278412,-0.511641958301
-0.72008386428,0.910498278412,-0.511641958301
-0.622072933176,0.892319211249,-0.420342349679
-0.68008874956,0.94370396575,-0.461696496409
-0.721713389657,0.943230606874,-0.503290474413
-0.68008874956,0.94370396575,-0.461696496409
-0.721713389657,0.943230606874,-0.503290474413
-0.603645114607,0.934852048044,-0.387547792812
-0.656592188996,0.933868392637,-0.440694600539
-0.721713389657,0.943230606874,-0.503290474413
-0.721713389657,0.943230606874,-0.503290474413
-0.631638405101,0.914761425392,-0.421206885425
-0.622072933176,0.892319211249,-0.420342349679
-0.622072933176,0.892319211249,-0.420342349679
-0.656592188996,0.933868392637,-0.440694600539
-0.656592188996,0.933868392637,-0.440694600539
-0.721713389657,0.943230606874,-0.503290474413
-0.591414427138,0.86312289095,-0.3994112289
-0.591414427138,0.86312289095,-0.3994112289
-0.591414427138,0.86312289095,-0.3994112289
-0.656592188996,0.933868392637,-0.440694600539
-0.622072933176,0.892319211249,-0.420342349679
-0.721713389657,0.943230606874,-0.503290474413
-0.545979838763,0.887372184173,-0.344783558352
-0.68008874956,0.94370396575,-0.461696496409
-0.591414427138,0.86312289095,-0.3994112289
-0.721713389657,0.943230606874,-0.503290474413
-0.622072933176,0.892319211249,-0.420342349679
-0.656592188996,0.933868392637,-0.440694600539
-0.622072933176,0.892319211249,-0.420342349679
-0.559191556946,0.916734740907,-0.348200154263
-0.588869120863,0.883459268194,-0.390869052969
-0.584808927463,0.890716680946,-0.383787526911
-0.595191302932,0.940043913979,-0.37748018172
-0.627540545122,0.891903745238,-0.426243680155
-0.588869120863,0.883459268194,-0.390869052969
-0.584808927463,0.890716680946,-0.383787526911
-0.584808927463,0.890716680946,-0.383787526911
-0.633225292415,0.949743245507,-0.413003538798
-0.584808927463,0.890716680946,-0.383787526911
-0.606208620946,0.92825480342,-0.391955008613
-0.546025594049,0.92805364407,-0.331771612755
-0.584808927463,0.890716680946,-0.383787526911
-0.584808927463,0.890716680946,-0.383787526911
-0.588869120863,0.883459268194,-0.390869052969
-0.584808927463,0.890716680946,-0.383787526911
-0.609556469517,0.922079837172,-0.396827321533
-0.633225292415,0.949743245507,-0.413003538798
-0.584808927463,0.890716680946,-0.383787526911
-0.559191556946,0.916734740907,-0.348200154263
-0.584808927463,0.890716680946,-0.383787526911
-0.627540545122,0.891903745238,-0.426243680155
-0.627540545122,0.891903745238,-0.426243680155
-0.5485113984,0.855719644119,-0.361006611982
-0.622668497249,0.893597576188,-0.421052670431
-0.643076620252,0.922451318508,-0.430826945713
-0.622454751013,0.918425096071,-0.410466770855
-0.643076620252,0.922451318508,-0.430826945713
-0.622668497249,0.893597576188,-0.421052670431
-0.588320589799,0.870244492845,-0.395402631018
-0.57650753455,0.863839650071,-0.387576033603
-0.622454751013,0.918425096071,-0.410466770855
-0.622668497249,0.893597576188,-0.421052670431
-0.622454751013,0.918425096071,-0.410466770855
-0.487769815848,0.856580489414,-0.300108245522
-0.588320589799,0.870244492845,-0.395402631018
-0.591872800049,0.951349648049,-0.371193432203
-0.622454751013,0.918425096071,-0.410466770855
-0.547931086208,0.894203976072,-0.344050336695
-0.591872800049,0.951349648049,-0.371193432203
-0.643076620252,0.922451318508,-0.430826945713
-0.622668497249,0.893597576188,-0.421052670431
-0.622454751013,0.918425096071,-0.410466770855
-0.643076620252,0.922451318508,-0.430826945713
-0.588320589799,0.870244492845,-0.395402631018
-0.57650753455,0.863839650071,-0.387576033603
-0.529160267628,0.862107922123,-0.33631239341
-0.627634052979,0.868314483469,-0.432951133408
-0.627634052979,0.868314483469,-0.432951133408
-0.505773470809,0.894126324904,-0.301918311812
-0.518317308757,0.887383560487,-0.317870238504
-0.67155895907,0.938816030316,-0.454341733762
-0.616947596014,0.933147809005,-0.401169827622
-0.616947596014,0.933147809005,-0.401169827622
-0.67155895907,0.938816030316,-0.454341733762
-0.548531943602,0.931393665333,-0.333487192877
-0.489913222254,0.856298149343,-0.300935681209
-0.679036776173,0.941263404563,-0.461077704955
-0.627634052979,0.868314483469,-0.432951133408
-0.555412193315,0.926094786203,-0.341591689602
-0.627634052979,0.868314483469,-0.432951133408
-0.627634052979,0.868314483469,-0.432951133408
-0.679036776173,0.941263404563,-0.461077704955
-0.585383470727,0.93306386855,-0.369803024977
-0.577560195206,0.937410799511,-0.360620897559
-0.679036776173,0.941263404563,-0.461077704955
-0.51971138341,0.897679490435,-0.314241885751
-0.627634052979,0.868314483469,-0.432951133408
-0.627634052979,0.868314483469,-0.432951133408
-0.627634052979,0.868314483469,-0.432951133408
-0.585383470727,0.93306386855,-0.369803024977
-0.679036776173,0.941263404563,-0.461077704955
-0.67155895907,0.938816030316,-0.454341733762
-0.627634052979,0.868314483469,-0.432951133408
-0.679036776173,0.941263404563,-0.461077704955
-0.555412193315,0.926094786203,-0.341591689602
-0.67155895907,0.938816030316,-0.454341733762
-0.652346649324,0.854546128384,-0.466856795414
-0.652346649324,0.854546128384,-0.466856795414
-0.643136580889,0.884696857113,-0.44373957968
-0.674771211964,0.855792343583,-0.4857001336
-0.674771211964,0.855792343583,-0.4857001336
-0.674771211964,0.855792343583,-0.4857001336
-0.643136580889,0.884696857113,-0.44373957968
-0.674771211964,0.855792343583,-0.4857001336
-0.674771211964,0.855792343583,-0.4857001336
-0.674771211964,0.855792343583,-0.4857001336
-0.652346649324,0.854546128384,-0.466856795414
-0.608615842587,0.92103676754,-0.396425590578
-0.674771211964,0.855792343583,-0.4857001336
-0.674771211964,0.855792343583,-0.4857001336
-0.652346649324,0.854546128384,-0.466856795414
-0.674771211964,0.855792343583,-0.4857001336
-0.539029498383,0.864997297525,-0.348486684724
-0.652346649324,0.854546128384,-0.466856795414
-0.652346649324,0.854546128384,-0.466856795414
-0.667375202192,0.920201273783,-0.455405524781
-0.652346649324,0.854546128384,-0.466856795414
-0.652346649324,0.854546128384,-0.466856795414
-0.674771211964,0.855792343583,-0.4857001336
-0.652346649324,0.854546128384,-0.466856795414
-0.674771211964,0.855792343583,-0.4857001336
-0.608615842587,0.92103676754,-0.396425590578
-0.548903115106,0.872275879111,-0.353361408811
-0.652346649324,0.854546128384,-0.466856795414
-0.674771211964,0.855792343583,-0.4857001336
-0.541459447556,0.881698973524,-0.34244217971
-0.493380869414,0.846420887814,-0.306881233924
-0.564950900141,0.896959093539,-0.360210529899
-0.504665627186,0.912707557074,-0.294977818371
-0.459573441532,0.785966567463,-0.300873278756
-0.564950900141,0.896959093539,-0.360210529899
-0.564950900141,0.896959093539,-0.360210529899
-0.472339031854,0.776142080446,-0.320931517399
-0.472339031854,0.776142080446,-0.320931517399
-0.541459447556,0.881698973524,-0.34244217971
-0.564950900141,0.896959093539,-0.360210529899
-0.472339031854,0.776142080446,-0.320931517399
-0.561821072312,0.899499544063,-0.356061462872
-0.499805854378,0.871775341973,-0.303811110505
-0.541459447556,0.881698973524,-0.34244217971
-0.493380869414,0.846420887814,-0.306881233924
-0.564950900141,0.896959093539,-0.360210529899
-0.564950900141,0.896959093539,-0.360210529899
-0.561821072312,0.899499544063,-0.356061462872
-0.564950900141,0.896959093539,-0.360210529899
-0.561821072312,0.899499544063,-0.356061462872
-0.541459447556,0.881698973524,-0.34244217971
-0.437452846248,0.850502215669,-0.24777766546
-0.475017769947,0.853275249379,-0.284656092171
-0.483873478436,0.830550987013,-0.302254318855
-0.613407507367,0.942387156432,-0.395045962957
-0.630717707722,0.948841114985,-0.410526389452
-0.760996889332,0.935601163235,-0.543871900229
-0.64435650612,0.94057198541,-0.42626156464
-0.510611971529,0.877124638633,-0.313391072165
-0.613407507367,0.942387156432,-0.395045962957
-0.760996889332,0.935601163235,-0.543871900229
-0.613407507367,0.942387156432,-0.395045962957
-0.64435650612,0.94057198541,-0.42626156464
-0.643385810191,0.942840720818,-0.424755599729
-0.760996889332,0.935601163235,-0.543871900229
-0.760996889332,0.935601163235,-0.543871900229
-0.760996889332,0.935601163235,-0.543871900229
-0.613407507367,0.942387156432,-0.395045962957
-0.643385810191,0.942840720818,-0.424755599729
-0.760996889332,0.935601163235,-0.543871900229
-0.760996889332,0.935601163235,-0.543871900229
-0.760996889332,0.935601163235,-0.543871900229
-0.666932178946,0.924628779327,-0.453236761282
-0.530976887028,0.878223468018,-0.335949657837
-0.566662870158,0.874051382043,-0.368922136017
-0.666932178946,0.924628779327,-0.453236761282
-0.56427357335,0.882431452328,-0.366033601627
-0.566662870158,0.874051382043,-0.368922136017
-0.666932178946,0.924628779327,-0.453236761282
-0.56427357335,0.882431452328,-0.366033601627
-0.566662870158,0.874051382043,-0.368922136017
-0.666932178946,0.924628779327,-0.453236761282
-0.666932178946,0.924628779327,-0.453236761282
-0.56427357335,0.882431452328,-0.366033601627
-0.666932178946,0.924628779327,-0.453236761282
-0.443079921777,0.787720244522,-0.287568932229
-0.560471014479,0.899743355862,-0.354239958996
-0.514084196362,0.884709783052,-0.313464589944
-0.443079921777,0.787720244522,-0.287568932229
-0.566662870158,0.874051382043,-0.368922136017
-0.56427357335,0.882431452328,-0.366033601627
-0.503326414767,0.839326435716,-0.322080991479
-0.566662870158,0.874051382043,-0.368922136017
-0.608534442691,0.953439225427,-0.387234435456
-0.563941777876,0.844931071628,-0.37948540772
-0.652400730276,0.939994972505,-0.434522001495
-0.549845610634,0.86902222228,-0.354302580092
-0.669115198981,0.935764195456,-0.452675026831
-0.58882027776,0.875452870329,-0.393560103411
-0.669115198981,0.935764195456,-0.452675026831
-0.601636831537,0.922117574832,-0.389239295558
-0.529851060196,0.866079675489,-0.338311121986
-0.669115198981,0.935764195456,-0.452675026831
-0.563985029065,0.9531154629,-0.342751895018
-0.669115198981,0.935764195456,-0.452675026831
-0.669115198981,0.935764195456,-0.452675026831
-0.652400730276,0.939994972505,-0.434522001495
-0.529851060196,0.866079675489,-0.338311121986
-0.601636831537,0.922117574832,-0.389239295558
-0.652400730276,0.939994972505,-0.434522001495
-0.669115198981,0.935764195456,-0.452675026831
-0.58882027776,0.875452870329,-0.393560103411
-0.58882027776,0.875452870329,-0.393560103411
-0.563941777876,0.844931071628,-0.37948540772
-0.596870899096,0.913772263005,-0.386660622071
-0.561969895041,0.902447338409,-0.355208141969
-0.770930799947,0.981454971306,-0.542377751522
-0.579090274795,0.854670937408,-0.389728689777
-0.547533626076,0.87373533943,-0.349889471821
-0.579090274795,0.854670937408,-0.389728689777
-0.602026223052,0.929841944088,-0.386646033046
-0.770930799947,0.981454971306,-0.542377751522
-0.579751939636,0.920261703964,-0.367525115283
-0.770930799947,0.981454971306,-0.542377751522
-0.770930799947,0.981454971306,-0.542377751522
-0.579751939636,0.920261703964,-0.367525115283
-0.585852216188,0.917956673969,-0.374698743862
-0.602026223052,0.929841944088,-0.386646033046
-0.770930799947,0.981454971306,-0.542377751522
-0.770930799947,0.981454971306,-0.542377751522
-0.547533626076,0.87373533943,-0.349889471821
-0.579751939636,0.920261703964,-0.367525115283
-0.770930799947,0.981454971306,-0.542377751522
-0.551937565918,0.85892960757,-0.361808567057
-0.770930799947,0.981454971306,-0.542377751522
-0.770930799947,0.981454971306,-0.542377751522
-0.554260308004,0.909670140806,-0.345960271969
-0.622762293522,0.942325147552,-0.404467186001
-0.480328622653,0.797252894301,-0.325511646363
-0.508633129656,0.920096998532,-0.296887046881
-0.57206670792,0.893361294218,-0.368327436801
-0.493071838317,0.764277230625,-0.356143144423
-0.608146918541,0.915388237168,-0.397438695232
-0.608146918541,0.915388237168,-0.397438695232
-0.567182282635,0.838604585472,-0.388940625363
-0.480328622653,0.797252894301,-0.325511646363
-0.567182282635,0.838604585472,-0.388940625363
-0.606610430931,0.928397262052,-0.392343462816
-0.567182282635,0.838604585472,-0.388940625363
-0.544172573005,0.833843043005,-0.370662683222
-0.573099181304,0.867371233042,-0.379415410771
-0.606610430931,0.928397262052,-0.392343462816
-0.606610430931,0.928397262052,-0.392343462816
-0.532514468092,0.903212629572,-0.32625849287
-0.606610430931,0.928397262052,-0.392343462816
-0.623112769087,0.903791189272,-0.41784948981
-0.608146918541,0.915388237168,-0.397438695232
-0.480328622653,0.797252894301,-0.325511646363
-0.544172573005,0.833843043005,-0.370662683222
-0.622762293522,0.942325147552,-0.404467186001
-0.567182282635,0.838604585472,-0.388940625363
-0.666658317941,0.970601303846,-0.440920946264
-0.511382640434,0.828961953056,-0.332693151367
-0.590797505672,0.88054444266,-0.39312129302
-0.590797505672,0.88054444266,-0.39312129302
-0.5210600374,0.817898991507,-0.353040241386
-0.543927480125,0.892643503,-0.340986608995
-0.575933716082,0.868802656934,-0.381494427299
-0.590797505672,0.88054444266,-0.39312129302
-0.575933716082,0.868802656934,-0.381494427299
-0.580049384258,0.891951300767,-0.379453253479
-0.511382640434,0.828961953056,-0.332693151367
-0.464708961185,0.809830152457,-0.295208946844
-0.5210600374,0.817898991507,-0.353040241386
-0.586632867673,0.904079740638,-0.380443359748
-0.533172961606,0.854444554809,-0.344432304183
-0.590797505672,0.88054444266,-0.39312129302
-0.590797505672,0.88054444266,-0.39312129302
-0.575933716082,0.868802656934,-0.381494427299
-0.590797505672,0.88054444266,-0.39312129302
-0.575933716082,0.868802656934,-0.381494427299
-0.575933716082,0.868802656934,-0.381494427299
-0.533172961606,0.854444554809,-0.344432304183
-0.590797505672,0.88054444266,-0.39312129302
-0.533172961606,0.854444554809,-0.344432304183
-0.49365102805,0.866751109454,-0.30031614198
-0.52372192081,0.872674149595,-0.330377783414
-0.587100078941,0.905152145841,-0.379977456446
-0.657957383705,0.939873466283,-0.440296352995
-0.657957383705,0.939873466283,-0.440296352995
-0.679504413336,0.957531787926,-0.457151129205
-0.568530688135,0.834829982186,-0.392497090914
-0.575763158143,0.894716521713,-0.371970905585
-0.576302214439,0.927980351032,-0.361879920128
-0.568530688135,0.834829982186,-0.392497090914
-0.575763158143,0.894716521713,-0.371970905585
-0.568530688135,0.834829982186,-0.392497090914
-0.657957383705,0.939873466283,-0.440296352995
-0.587100078941,0.905152145841,-0.379977456446
-0.599843564261,0.909051759087,-0.391596896273
-0.679504413336,0.957531787926,-0.457151129205
-0.679504413336,0.957531787926,-0.457151129205
-0.599843564261,0.909051759087,-0.391596896273
-0.679504413336,0.957531787926,-0.457151129205
-0.550911358839,0.863842434091,-0.360720860527
-0.559005191617,0.84375852519,-0.376160211171
-0.783860433894,0.974232421421,-0.557120844545
-0.599843564261,0.909051759087,-0.391596896273
-0.568530688135,0.834829982186,-0.392497090914
-0.575763158143,0.894716521713,-0.371970905585
-0.568530688135,0.834829982186,-0.392497090914
-0.559005191617,0.84375852519,-0.376160211171
-0.559005191617,0.84375852519,-0.376160211171
-0.617115825021,0.912640807258,-0.408985518694
-0.679504413336,0.957531787926,-0.457151129205
-0.657957383705,0.939873466283,-0.440296352995
-0.621646574981,0.890423679496,-0.420682743177
-0.473673793855,0.714499629641,-0.362280969068
-0.614722887332,0.844708318584,-0.435047353006
-0.522658028801,0.844319599398,-0.339744285845
-0.473673793855,0.714499629641,-0.362280969068
-0.506998400176,0.879915515158,-0.307044419221
-0.473673793855,0.714499629641,-0.362280969068
-0.522658028801,0.844319599398,-0.339744285845
-0.614722887332,0.844708318584,-0.435047353006
-0.473673793855,0.714499629641,-0.362280969068
-0.737509082355,0.971629898173,-0.511410512484
-0.737509082355,0.971629898173,-0.511410512484
-0.737509082355,0.971629898173,-0.511410512484
-0.561916816381,0.910450121404,-0.352729668796
-0.609693640472,0.907081324166,-0.402136525046
-0.473673793855,0.714499629641,-0.362280969068
-0.624428819048,0.970474438448,-0.398721871762
-0.603042674744,0.90268510369,-0.396319816659
-0.522658028801,0.844319599398,-0.339744285845
-0.473673793855,0.714499629641,-0.362280969068
-0.603042674744,0.90268510369,-0.396319816659
-0.515019024119,0.893460112939,-0.311332943363
-0.506998400176,0.879915515158,-0.307044419221
-0.515019024119,0.893460112939,-0.311332943363
-0.603042674744,0.90268510369,-0.396319816659
-0.473673793855,0.714499629641,-0.362280969068
-0.522658028801,0.844319599398,-0.339744285845
-0.737509082355,0.971629898173,-0.511410512484
-0.624428819048,0.970474438448,-0.398721871762
-0.473673793855,0.714499629641,-0.362280969068
-0.737509082355,0.971629898173,-0.511410512484
-0.587379757634,0.90451159124,-0.380561177284
-0.565793610457,0.91256164854,-0.356223493656
-0.571332158611,0.854076524937,-0.385994786373
-0.623859204573,0.926765855609,-0.40987169612
-0.616012493069,0.89881424869,-0.411484979182
-0.586828501643,0.86660277125,-0.39305428883
-0.59389171948,0.896584593925,-0.389343163259
-0.534082310862,0.9120048493,-0.324502036583
-0.45453230445,0.794564278943,-0.296762039913
-0.680318400566,0.960531169573,-0.457194431212
-0.680318400566,0.960531169573,-0.457194431212
-0.519921382192,0.862330918511,-0.328681383026
-0.616012493069,0.89881424869,-0.411484979182
-0.508576473272,0.882494970229,-0.308741574915
-0.623859204573,0.926765855609,-0.40987169612
-0.680318400566,0.960531169573,-0.457194431212
-0.586828501643,0.86660277125,-0.39305428883
-0.565793610457,0.91256164854,-0.356223493656
-0.680318400566,0.960531169573,-0.457194431212
-0.621024730839,0.919523872109,-0.409493572132
-0.59389171948,0.896584593925,-0.389343163259
-0.619460745465,0.911313454897,-0.410122664955
-0.605081301276,0.853479159625,-0.418840462004
-0.655175532671,0.925253627995,-0.441877045253
-0.655175532671,0.925253627995,-0.441877045253
-0.655175532671,0.925253627995,-0.441877045253
-0.655175532671,0.925253627995,-0.441877045253
-0.642069343194,0.887773557241,-0.448747570433
-0.731913023407,0.936747902058,-0.515551905016
-0.605081301276,0.853479159625,-0.418840462004
-0.572261841019,0.820245522233,-0.40295809273
-0.578032903473,0.845361019765,-0.394215017064
-0.456688054934,0.863677731404,-0.267733244757
-0.655175532671,0.925253627995,-0.441877045253
-0.589078506487,0.944288492309,-0.370212865038
-0.605081301276,0.853479159625,-0.418840462004
-0.731913023407,0.936747902058,-0.515551905016
-0.643557512278,0.879155184262,-0.449777899566
-0.605081301276,0.853479159625,-0.418840462004
-0.572261841019,0.820245522233,-0.40295809273
-0.655175532671,0.925253627995,-0.441877045253
-0.731913023407,0.936747902058,-0.515551905016
-0.731913023407,0.936747902058,-0.515551905016
-0.643557512278,0.879155184262,-0.449777899566
-0.605081301276,0.853479159625,-0.418840462004
-0.605081301276,0.853479159625,-0.418840462004
-0.731913023407,0.936747902058,-0.515551905016
-0.664990564563,0.9382180519,-0.448108287958
-0.642069343194,0.887773557241,-0.448747570433
-0.605081301276,0.853479159625,-0.418840462004
-0.664990564563,0.9382180519,-0.448108287958
-0.573644502895,0.905072267923,-0.36588371781
-0.633296258644,0.935524820594,-0.416938769187
-0.573644502895,0.905072267923,-0.36588371781
-0.513232234001,0.85337660519,-0.32514213425
-0.633296258644,0.935524820594,-0.416938769187
-0.633296258644,0.935524820594,-0.416938769187
-0.50924194768,0.892592738278,-0.306528438908
-0.572669982317,0.90291741688,-0.3656412069
-0.573644502895,0.905072267923,-0.36588371781
-0.633296258644,0.935524820594,-0.416938769187
-0.633296258644,0.935524820594,-0.416938769187
-0.633296258644,0.935524820594,-0.416938769187
-0.633296258644,0.935524820594,-0.416938769187
-0.579443986198,0.945556194663,-0.360300467017
-0.573644502895,0.905072267923,-0.36588371781
-0.573644502895,0.905072267923,-0.36588371781
-0.573644502895,0.905072267923,-0.36588371781
-0.548814127073,0.888819774676,-0.34875780291
-0.572669982317,0.90291741688,-0.3656412069
-0.579443986198,0.945556194663,-0.360300467017
-0.585422888696,0.899696270917,-0.379626483219
-0.575116412857,0.910666686143,-0.366069214478
-0.662764020555,0.931303790054,-0.447594682711
-0.518468018264,0.852234395187,-0.331086788547
-0.662764020555,0.931303790054,-0.447594682711
-0.598547066354,0.900408765411,-0.393276402887
-0.675796965951,0.975782485388,-0.448727527156
-0.662764020555,0.931303790054,-0.447594682711
-0.662764020555,0.931303790054,-0.447594682711
-0.58141154236,0.880253875241,-0.385673568386
-0.598547066354,0.900408765411,-0.393276402887
-0.662764020555,0.931303790054,-0.447594682711
-0.662764020555,0.931303790054,-0.447594682711
-0.675796965951,0.975782485388,-0.448727527156
-0.662764020555,0.931303790054,-0.447594682711
-0.598547066354,0.900408765411,-0.393276402887
-0.598547066354,0.900408765411,-0.393276402887
-0.528556821182,0.824933029508,-0.3628160307
-0.585422888696,0.899696270917,-0.379626483219
-0.662764020555,0.931303790054,-0.447594682711
-0.511208677197,0.856525496535,-0.321656669357
-0.585422888696,0.899696270917,-0.379626483219
-0.598547066354,0.900408765411,-0.393276402887
-0.58141154236,0.880253875241,-0.385673568386
-0.541081334261,0.829107235435,-0.370793353454
-0.575116412857,0.910666686143,-0.366069214478
-0.662764020555,0.931303790054,-0.447594682711
-0.594587375451,0.910395313646,-0.385636866058
-0.616844052025,0.931370404846,-0.401152743107
-0.566988710736,0.886619602375,-0.366822414163
-0.547329087724,0.863418490519,-0.357882658399
-0.622488273034,0.92562238264,-0.409242735055
-0.622488273034,0.92562238264,-0.409242735055
-0.515472014604,0.830110731973,-0.344214618831
-0.616844052025,0.931370404846,-0.401152743107
-0.616844052025,0.931370404846,-0.401152743107
-0.622488273034,0.92562238264,-0.409242735055
-0.570779427376,0.875526244724,-0.374660639235
-0.547329087724,0.863418490519,-0.357882658399
-0.547796413288,0.901352794383,-0.3428793744
-0.630468196209,0.968186766642,-0.405353016232
-0.622488273034,0.92562238264,-0.409242735055
-0.53532361921,0.897828210041,-0.331398409756
-0.593009299106,0.955368141743,-0.371269777419
-0.556688068858,0.914165191517,-0.34737856592
-0.622488273034,0.92562238264,-0.409242735055
-0.570779427376,0.875526244724,-0.374660639235
-0.593009299106,0.955368141743,-0.371269777419
-0.566988710736,0.886619602375,-0.366822414163
-0.571868644605,0.890235290096,-0.370960381016
-0.714228894748,0.90437078675,-0.508548800338
-0.714228894748,0.90437078675,-0.508548800338
-0.482142770865,0.790056199176,-0.3315030738
-0.620501863061,0.904560101752,-0.413815502436
-0.642605302336,0.910402306296,-0.43342470407
-0.571868644605,0.890235290096,-0.370960381016
-0.593376409889,0.885071626187,-0.39278882005
-0.544318678313,0.851634626854,-0.359915528242
-0.714228894748,0.90437078675,-0.508548800338
-0.714228894748,0.90437078675,-0.508548800338
-0.714228894748,0.90437078675,-0.508548800338
-0.642605302336,0.910402306296,-0.43342470407
-0.620501863061,0.904560101752,-0.413815502436
-0.642605302336,0.910402306296,-0.43342470407
-0.714228894748,0.90437078675,-0.508548800338
-0.620501863061,0.904560101752,-0.413815502436
-0.620501863061,0.904560101752,-0.413815502436
-0.620501863061,0.904560101752,-0.413815502436
-0.714228894748,0.90437078675,-0.508548800338
-0.714228894748,0.90437078675,-0.508548800338
-0.620501863061,0.904560101752,-0.413815502436
-0.642605302336,0.910402306296,-0.43342470407
-0.642605302336,0.910402306296,-0.43342470407
-0.714228894748,0.90437078675,-0.508548800338
-0.714228894748,0.90437078675,-0.508548800338
-0.571868644605,0.890235290096,-0.370960381016
-0.790924659031,0.977483500608,-0.563391699067
-0.534386248398,0.843931881178,-0.354684789326
-0.583544589924,0.919797038783,-0.372027297551
-0.549421390472,0.888837007332,-0.348510292981
-0.583544589924,0.919797038783,-0.372027297551
-0.790924659031,0.977483500608,-0.563391699067
-0.790924659031,0.977483500608,-0.563391699067
-0.790924659031,0.977483500608,-0.563391699067
-0.606417913203,0.87554748069,-0.409621134876
-0.606417913203,0.87554748069,-0.409621134876
-0.606417913203,0.87554748069,-0.409621134876
-0.790924659031,0.977483500608,-0.563391699067
-0.606417913203,0.87554748069,-0.409621134876
-0.534386248398,0.843931881178,-0.354684789326
-0.606417913203,0.87554748069,-0.409621134876
-0.790924659031,0.977483500608,-0.563391699067
-0.606417913203,0.87554748069,-0.409621134876
-0.790924659031,0.977483500608,-0.563391699067
-0.790924659031,0.977483500608,-0.563391699067
-0.606417913203,0.87554748069,-0.409621134876
-0.539704002425,0.857449391285,-0.348931196314
-0.534386248398,0.843931881178,-0.354684789326
-0.487844240677,0.799637598525,-0.325392755652
-0.790924659031,0.977483500608,-0.563391699067
-0.790924659031,0.977483500608,-0.563391699067
-0.606417913203,0.87554748069,-0.409621134876
-0.790924659031,0.977483500608,-0.563391699067
-0.790924659031,0.977483500608,-0.563391699067
-0.606417913203,0.87554748069,-0.409621134876
-0.602028927689,0.88490438606,-0.401829253906
-0.495146977298,0.862837253998,-0.302733612484
-0.603013961819,0.916980748638,-0.392190695489
-0.545644785192,0.94182586728,-0.327450000155
-0.625190590411,0.940009748706,-0.407245012044
-0.625190590411,0.940009748706,-0.407245012044
-0.625190590411,0.940009748706,-0.407245012044
-0.603013961819,0.916980748638,-0.392190695489
-0.602028927689,0.88490438606,-0.401829253906
-0.465451502642,0.816375780898,-0.294768476902
-0.603013961819,0.916980748638,-0.392190695489
-0.58657795501,0.886247635098,-0.386691936981
-0.603013961819,0.916980748638,-0.392190695489
-0.58657795501,0.886247635098,-0.386691936981
-0.625190590411,0.940009748706,-0.407245012044
-0.602028927689,0.88490438606,-0.401829253906
-0.602028927689,0.88490438606,-0.401829253906
-0.58657795501,0.886247635098,-0.386691936981
-0.603013961819,0.916980748638,-0.392190695489
-0.625190590411,0.940009748706,-0.407245012044
-0.58657795501,0.886247635098,-0.386691936981
-0.560131721024,0.922735959179,-0.347284977359
-0.625190590411,0.940009748706,-0.407245012044
-0.603013961819,0.916980748638,-0.392190695489
-0.586531242025,0.928558478099,-0.372428151671
-0.58556936456,0.901758621331,-0.379397176847
-0.642026556833,0.916316790764,-0.431332183811
-0.533089760322,0.861459737945,-0.34433800278
-0.575831050721,0.900857567074,-0.370162021953
-0.58556936456,0.901758621331,-0.379397176847
-0.58556936456,0.901758621331,-0.379397176847
-0.586531242025,0.928558478099,-0.372428151671
-0.586531242025,0.928558478099,-0.372428151671
-0.533089760322,0.861459737945,-0.34433800278
-0.642026556833,0.916316790764,-0.431332183811
-0.590530267066,0.919975817931,-0.378638910135
-0.580735052723,0.912596143031,-0.371308707801
-0.650471824851,0.931905554727,-0.435378081844
-0.505880003041,0.863024693737,-0.315704715469
-0.650471824851,0.931905554727,-0.435378081844
-0.650471824851,0.931905554727,-0.435378081844
-0.544156962853,0.88548758658,-0.343347284509
-0.602171889086,0.951061431926,-0.381635441101
-0.586531242025,0.928558478099,-0.372428151671
-0.590530267066,0.919975817931,-0.378638910135
-0.642026556833,0.916316790764,-0.431332183811
-0.642026556833,0.916316790764,-0.431332183811
-0.515153342926,0.910367520256,-0.30641940143
-0.624530765909,0.91227999741,-0.415181179241
-0.659374483432,0.915710598313,-0.448921894162
-0.598827065086,0.869837043509,-0.407614310274
-0.624530765909,0.91227999741,-0.415181179241
-0.546057278328,0.887659413618,-0.345772695283
-0.659374483432,0.915710598313,-0.448921894162
-0.598827065086,0.869837043509,-0.407614310274
-0.624530765909,0.91227999741,-0.415181179241
-0.598827065086,0.869837043509,-0.407614310274
-0.58898683394,0.917608648337,-0.37790564495
-0.602343206999,0.90979782732,-0.39348552571
-0.613162333173,0.958395695858,-0.390572624495
-0.464828135394,0.881100391138,-0.265742492468
-0.659374483432,0.915710598313,-0.448921894162
-0.546057278328,0.887659413618,-0.345772695283
-0.613162333174,0.958395695858,-0.390572624495
-0.659374483432,0.915710598313,-0.448921894162
-0.659374483432,0.915710598313,-0.448921894162
-0.598827065086,0.869837043509,-0.407614310274
-0.659374483432,0.915710598313,-0.448921894162
-0.659374483432,0.915710598313,-0.448921894162
-0.659374483432,0.915710598313,-0.448921894162
-0.598827065086,0.869837043509,-0.407614310274
-0.659374483432,0.915710598313,-0.448921894162
-0.659374483432,0.915710598313,-0.448921894162
-0.602343206999,0.90979782732,-0.39348552571
-0.585011953714,0.880184874245,-0.387830948118
-0.560382034013,0.863433122568,-0.36920258436
-0.614427643355,0.911866131875,-0.404622403073
-0.560382034013,0.863433122568,-0.36920258436
-0.606684744644,0.894607589315,-0.405140643909
-0.606684744644,0.894607589315,-0.405140643909
-0.619005731425,0.854714471845,-0.436576259175
-0.614427643355,0.911866131875,-0.404622403073
-0.566303433289,0.854563496802,-0.37983540095
-0.566303433289,0.854563496802,-0.37983540095
-0.566303433289,0.854563496802,-0.37983540095
-0.619005731425,0.854714471845,-0.436576259175
-0.606684744644,0.894607589315,-0.405140643909
-0.590097785086,0.924049517724,-0.377302990442
-0.560382034013,0.863433122568,-0.36920258436
-0.622954320939,0.92771625236,-0.408546575565
-0.619005731425,0.854714471845,-0.436576259175
-0.622954320939,0.92771625236,-0.408546575565
-0.622954320939,0.92771625236,-0.408546575565
-0.619005731425,0.854714471845,-0.436576259175
-0.622954320939,0.92771625236,-0.408546575565
-0.606684744644,0.894607589315,-0.405140643909
-0.585611757697,0.912878181354,-0.376229289054
-0.560382034013,0.863433122568,-0.36920258436
-0.619005731425,0.854714471845,-0.436576259175
-0.589233226855,0.923581054441,-0.376591021335
-0.619005731425,0.854714471845,-0.436576259175
-0.619005731425,0.854714471845,-0.436576259175
-0.585611757697,0.912878181354,-0.376229289054
-0.533743704376,0.902246972762,-0.326897912187
-0.676836518122,0.966555985802,-0.452118450626
-0.697913406095,0.908000162899,-0.491151255341
-0.697913406095,0.908000162899,-0.491151255341
-0.697913406095,0.908000162899,-0.491151255341
-0.697913406095,0.908000162899,-0.491151255341
-0.627883375464,0.939702296451,-0.410408132629
-0.697913406095,0.908000162899,-0.491151255341
-0.516185927103,0.846943516697,-0.330106801948
-0.550458762819,0.870324223024,-0.357672215227
-0.697913406095,0.908000162899,-0.491151255341
-0.56338373787,0.819941373186,-0.390835280953
-0.627883375464,0.939702296451,-0.410408132629
-0.697913406095,0.908000162899,-0.491151255341
-0.697913406095,0.908000162899,-0.491151255341
-0.697913406095,0.908000162899,-0.491151255341
-0.697913406095,0.908000162899,-0.491151255341
-0.627883375464,0.939702296451,-0.410408132629
-0.697913406095,0.908000162899,-0.491151255341
-0.56338373787,0.819941373186,-0.390835280953
-0.676836518122,0.966555985802,-0.452118450626
-0.56338373787,0.819941373186,-0.390835280953
-0.697913406095,0.908000162899,-0.491151255341
-0.516185927103,0.846943516697,-0.330106801948
-0.585284832246,0.925187947478,-0.371992572227
-0.498484965601,0.856161912348,-0.30888682581
-0.697913406095,0.908000162899,-0.491151255341
-0.697913406095,0.908000162899,-0.491151255341
-0.697913406095,0.908000162899,-0.491151255341
-0.581734424247,0.95950040063,-0.358846005345
-0.486267643444,0.789226854593,-0.327091077404
-0.567439640922,0.906223914842,-0.35974899017
-0.542829707972,0.882031592283,-0.343599391712
-0.690857859593,0.930289515175,-0.475750256203
-0.690857859593,0.930289515175,-0.475750256203
-0.501385256806,0.902890763466,-0.294688367184
-0.690857859593,0.930289515175,-0.475750256203
-0.491046005631,0.861612529628,-0.298851984098
-0.543826243659,0.86458246639,-0.351536967121
-0.542829707972,0.882031592283,-0.343599391712
-0.567439640922,0.906223914842,-0.35974899017
-0.557288938108,0.891793170215,-0.354634997972
-0.567439640922,0.906223914842,-0.35974899017
-0.543826243659,0.86458246639,-0.351536967121
-0.543826243659,0.86458246639,-0.351536967121
-0.690857859593,0.930289515175,-0.475750256203
-0.690857859593,0.930289515175,-0.475750256203
-0.493898364041,0.845963472936,-0.311606173003
-0.58083861373,0.898460247499,-0.377742317866
-0.557288938108,0.891793170215,-0.354634997972
-0.542829707972,0.882031592283,-0.343599391712
-0.557288938108,0.891793170215,-0.354634997972
-0.542829707972,0.882031592283,-0.343599391712
-0.508845182571,0.83692662646,-0.326606542921
-0.567439640922,0.906223914842,-0.35974899017
-0.543826243659,0.86458246639,-0.351536967121
-0.690857859593,0.930289515175,-0.475750256203
-0.493898364041,0.845963472936,-0.311606173003
-0.543826243659,0.86458246639,-0.351536967121
-0.456608374176,0.812577347332,-0.287693809753
-0.485351723034,0.847077438579,-0.298393403702
-0.66294365486,0.944770603352,-0.443448713141
-0.583780518468,0.972583280277,-0.357523982472
-0.5869435016,0.901606031268,-0.380912903879
-0.557771641175,0.856925583182,-0.372841222945
-0.5869435016,0.901606031268,-0.380912903879
-0.605667719355,0.880326149221,-0.40885734941
-0.482785739505,0.811751488471,-0.314574798062
-0.598477812938,0.902231646167,-0.392695273834
-0.561431181471,0.902871574102,-0.354618888427
-0.604845765056,0.939736082612,-0.387503219853
-0.538270344716,0.880315250377,-0.339182818491
-0.491576279131,0.855214634186,-0.301387606434
-0.66294365486,0.944770603352,-0.443448713141
-0.604845765056,0.939736082612,-0.387503219853
-0.66294365486,0.944770603352,-0.443448713141
-0.604845765056,0.939736082612,-0.387503219853
-0.66294365486,0.944770603352,-0.443448713141
-0.604845765056,0.939736082612,-0.387503219853
-0.604845765056,0.939736082612,-0.387503219853
-0.575013356953,0.908812120014,-0.366965472602
-0.604845765056,0.939736082613,-0.387503219853
-0.530330389017,0.879993995298,-0.333441679932
-0.491576279131,0.855214634186,-0.301387606434
-0.575013356953,0.908812120014,-0.366965472602
-0.51829900635,0.863214018212,-0.325523892724
-0.491576279131,0.855214634185,-0.301387606434
-0.66294365486,0.944770603352,-0.443448713141
-0.631305158792,0.889824327768,-0.430857077012
-0.631305158792,0.889824327768,-0.430857077012
-0.641934456789,0.941134924527,-0.424036647507
-0.641934456789,0.941134924527,-0.424036647507
-0.590027774726,0.88901868928,-0.38832523093
-0.549561182868,0.917352087314,-0.338556952381
-0.621590630186,0.915930570474,-0.411391385653
-0.635449383511,0.923515575467,-0.422270240466
-0.634310341987,0.910030323199,-0.427128961591
-0.578669357003,0.891692003829,-0.377002464032
-0.631305158792,0.889824327768,-0.430857077012
-0.634310341987,0.910030323199,-0.427128961591
-0.641934456789,0.941134924527,-0.424036647507
-0.538111074396,0.890501363603,-0.338031635379
-0.565757374654,0.923574548131,-0.353449635541
-0.533837360853,0.920250302056,-0.321718877355
-0.641934456789,0.941134924527,-0.424036647507
-0.588993481336,0.882303426341,-0.390955625141
-0.554741897703,0.783659492533,-0.408572039673
-0.554741897703,0.783659492533,-0.408572039673
-0.554741897703,0.783659492533,-0.408572039673
-0.623700435186,0.903851577435,-0.416590971136
-0.757439011113,0.962478892337,-0.533705099429
-0.567427309319,0.901592638282,-0.361762194121
-0.757439011113,0.962478892337,-0.533705099429
-0.757439011113,0.962478892337,-0.533705099429
-0.430323876125,0.717717468135,-0.328052587552
-0.617461120804,0.966302478407,-0.392817172092
-0.579608602532,0.900180635523,-0.37483667389
-0.562663506274,0.899176181019,-0.358462440604
-0.757439011113,0.962478892337,-0.533705099429
-0.588993481336,0.882303426341,-0.390955625141
-0.570053377469,0.916174199361,-0.359245758652
-0.757439011113,0.962478892337,-0.533705099429
-0.757439011113,0.962478892337,-0.533705099429
-0.757439011113,0.962478892337,-0.533705099429
-0.757439011113,0.962478892337,-0.533705099429
-0.588993481336,0.882303426341,-0.390955625141
-0.588993481336,0.882303426341,-0.390955625141
-0.588993481336,0.882303426341,-0.390955625141
-0.588993481336,0.882303426341,-0.390955625141
-0.588993481336,0.882303426341,-0.390955625141
-0.588993481336,0.882303426341,-0.390955625141
-0.757439011113,0.962478892337,-0.533705099429
-0.540955790364,0.864886741371,-0.348540639958
-0.470840072161,0.859332263074,-0.280352960161
-0.516737358673,0.861071553389,-0.323368856769
-0.586800052958,0.925548333568,-0.373794642053
-0.573889087111,0.833347483206,-0.393838005825
-0.549714614555,0.892272523031,-0.347777579237
-0.537104061198,0.838014434098,-0.357985974167
-0.549714614555,0.892272523031,-0.347777579237
-0.596050145292,0.896855756067,-0.391868432862
-0.596050145292,0.896855756067,-0.391868432862
-0.537104061198,0.838014434098,-0.357985974167
-0.501910386854,0.865270929177,-0.308575882328
-0.573889087111,0.833347483206,-0.393838005825
-0.573889087111,0.833347483206,-0.393838005825
-0.47962783397,0.775154046542,-0.32671993482
-0.596050145292,0.896855756067,-0.391868432862
-0.573889087111,0.833347483206,-0.393838005825
-0.607952145921,0.941985870657,-0.38974186186
-0.667828789674,0.974208526195,-0.441158009564
-0.573889087111,0.833347483206,-0.393838005825
-0.667828789674,0.974208526195,-0.441158009564
-0.667828789674,0.974208526195,-0.441158009564
-0.537104061198,0.838014434098,-0.357985974167
-0.596050145292,0.896855756067,-0.391868432862
-0.501910386854,0.865270929177,-0.308575882328
-0.599528479312,0.960640144536,-0.376351947923
-0.514510923933,0.803726087154,-0.350485465091
-0.493181445006,0.899298727272,-0.287615623422
-0.54030285507,0.911205953652,-0.331125079809
-0.523296085183,0.912552176666,-0.313828141107
-0.624789643601,0.944146867405,-0.405893315015
-0.568966191467,0.909232813382,-0.359928940696
-0.695224900688,0.958883259796,-0.472594961144
-0.624789643601,0.944146867405,-0.405893315015
-0.523954723534,0.852228266802,-0.338014669218
-0.695224900688,0.958883259796,-0.472594961144
-0.516219019895,0.805344671814,-0.350871466032
-0.507318242945,0.827493624174,-0.33301380478
-0.567428618806,0.916242464622,-0.356379571737
-0.516219019895,0.805344671814,-0.350871466032
-0.695224900688,0.958883259796,-0.472594961144
-0.49832296682,0.863842386165,-0.305051681007
-0.695224900688,0.958883259796,-0.472594961144
-0.542102343008,0.932982801595,-0.326428447145
-0.50410798552,0.868351968503,-0.312903462995
-0.624789643601,0.944146867405,-0.405893315015
-0.566386330381,0.894923733586,-0.366233946857
-0.516219019895,0.805344671814,-0.350871466032
-0.566386330381,0.894923733586,-0.366233946857
-0.523954723534,0.852228266802,-0.338014669218
-0.566386330381,0.894923733586,-0.366233946857
-0.695224900688,0.958883259796,-0.472594961144
-0.516219019895,0.805344671814,-0.350871466032
-0.639712596684,0.893902670775,-0.435890921989
-0.631517009961,0.893203204921,-0.428958968449
-0.569591893185,0.889557725656,-0.367954712871
-0.631517009961,0.893203204921,-0.428958968449
-0.524688075645,0.849394915482,-0.340053339138
-0.631517009961,0.893203204921,-0.428958968449
-0.639712596684,0.893902670775,-0.435890921989
-0.598658388828,0.861516241623,-0.410400797424
-0.631517009961,0.893203204921,-0.428958968449
-0.598658388828,0.861516241623,-0.410400797424
-0.639712596684,0.893902670775,-0.435890921989
-0.631517009961,0.893203204921,-0.428958968449
-0.598658388828,0.861516241623,-0.410400797424
-0.524688075645,0.849394915482,-0.340053339138
-0.569591893185,0.889557725656,-0.367954712871
-0.631517009961,0.893203204921,-0.428958968449
-0.631517009961,0.893203204921,-0.428958968449
-0.639712596684,0.893902670775,-0.435890921989
-0.569591893185,0.889557725656,-0.367954712871
-0.631517009961,0.893203204921,-0.428958968449
-0.631517009961,0.893203204921,-0.428958968449
-0.639712596684,0.893902670775,-0.435890921989
-0.639712596684,0.893902670775,-0.435890921989
-0.549384924347,0.940953460535,-0.331470037385
-0.639712596684,0.893902670775,-0.435890921989
-0.639712596684,0.893902670775,-0.435890921989
-0.631517009961,0.893203204921,-0.428958968449
-0.560810418151,0.860430012269,-0.371163209613
-0.615568609453,0.948122246755,-0.395851409886
-0.587018651711,0.89275309123,-0.383547671528
-0.615568609453,0.948122246755,-0.395851409886
-0.615568609453,0.948122246755,-0.395851409886
-0.590267098502,0.911118672622,-0.381212103178
-0.590267098502,0.911118672622,-0.381212103178
-0.576559564905,0.909552468956,-0.367918249232
-0.60912420178,0.918571117615,-0.397844940422
-0.512616637258,0.824871832628,-0.339716419183
-0.590267098502,0.911118672622,-0.381212103178
-0.587018651711,0.89275309123,-0.383547671528
-0.587018651711,0.89275309123,-0.383547671528
-0.560810418151,0.860430012269,-0.371163209613
-0.587018651711,0.89275309123,-0.383547671528
-0.590267098502,0.911118672622,-0.381212103178
-0.536507444624,0.872573915593,-0.340282280966
-0.560810418151,0.860430012269,-0.371163209613
-0.576559564905,0.909552468956,-0.367918249232
-0.60912420178,0.918571117615,-0.397844940422
-0.587018651711,0.89275309123,-0.383547671528
-0.587018651711,0.89275309123,-0.383547671528
-0.615568609453,0.948122246755,-0.395851409886
-0.60912420178,0.918571117615,-0.397844940422
-0.615568609453,0.948122246755,-0.395851409886
-0.587018651711,0.89275309123,-0.383547671528
-0.657562285491,0.90227175199,-0.451276680021
-0.546316557581,0.8490451753,-0.362599711736
-0.564263821815,0.872016169159,-0.369635913798
-0.657562285491,0.90227175199,-0.451276680021
-0.657562285491,0.90227175199,-0.451276680021
-0.546316557581,0.8490451753,-0.362599711736
-0.631455299039,0.960153430127,-0.408415676281
-0.546316557581,0.8490451753,-0.362599711736
-0.657562285491,0.90227175199,-0.451276680021
-0.657562285491,0.90227175199,-0.451276680021
-0.631455299039,0.960153430127,-0.408415676281
-0.546316557581,0.8490451753,-0.362599711736
-0.564263821815,0.872016169159,-0.369635913798
-0.546316557581,0.8490451753,-0.362599711736
-0.657562285491,0.90227175199,-0.451276680021
-0.564263821815,0.872016169159,-0.369635913798
-0.657562285491,0.90227175199,-0.451276680021
-0.657562285491,0.90227175199,-0.451276680021
-0.631455299039,0.960153430127,-0.408415676281
-0.657562285491,0.90227175199,-0.451276680021
-0.542714630983,0.916730651587,-0.331919779072
-0.546316557581,0.8490451753,-0.362599711736
-0.564263821815,0.872016169159,-0.369635913798
-0.657562285491,0.90227175199,-0.451276680021
-0.657562285491,0.90227175199,-0.451276680021
-0.657562285491,0.90227175199,-0.451276680021
-0.564263821815,0.872016169159,-0.369635913798
-0.657562285491,0.90227175199,-0.451276680021
-0.510705287465,0.825074366104,-0.336110705675
-0.679641130778,0.966435868954,-0.454987993734
-0.689957153353,0.943535443901,-0.471306380313
-0.689957153353,0.943535443901,-0.471306380313
-0.591789157525,0.861601093044,-0.402724034246
-0.679641130778,0.966435868954,-0.454987993734
-0.689957153353,0.943535443901,-0.471306380313
-0.707073052722,0.96009749579,-0.484078521109
-0.512472495702,0.87349025972,-0.316932905598
-0.707073052722,0.96009749579,-0.484078521109
-0.636149723097,0.927008575295,-0.422424787338
-0.689957153353,0.943535443901,-0.471306380313
-0.591789157525,0.861601093044,-0.402724034246
-0.689957153353,0.943535443901,-0.471306380313
-0.638881031387,0.910269082383,-0.430738716412
-0.689957153353,0.943535443901,-0.471306380313
-0.582420086616,0.909773523388,-0.375091846616
-0.545860047874,0.902929465912,-0.339621409859
-0.636149723097,0.927008575295,-0.422424787338
-0.689957153353,0.943535443901,-0.471306380313
-0.679641130778,0.966435868954,-0.454987993734
-0.834784959504,0.99066488356,-0.603930344537
-0.834784959504,0.99066488356,-0.603930344537
-0.485258034184,0.838027998105,-0.302081151277
-0.458709347338,0.818372690194,-0.287296107997
-0.834784959504,0.99066488356,-0.603930344537
-0.694661837363,0.985999135346,-0.464987822454
-0.834784959504,0.99066488356,-0.603930344537
-0.834784959504,0.99066488356,-0.603930344537
-0.694661837363,0.985999135346,-0.464987822454
-0.523405157512,0.831452480492,-0.346233245045
-0.834784959504,0.99066488356,-0.603930344537
-0.834784959504,0.99066488356,-0.603930344537
-0.694661837363,0.985999135346,-0.464987822454
-0.694661837363,0.985999135346,-0.464987822454
-0.834784959504,0.99066488356,-0.603930344537
-0.694661837363,0.985999135346,-0.464987822454
-0.590035606373,0.920138835717,-0.378321677632
-0.649141672093,0.965580091665,-0.42450142608
-0.834784959504,0.99066488356,-0.603930344537
-0.834784959504,0.99066488356,-0.603930344537
-0.649141672093,0.965580091665,-0.42450142608
-0.523405157512,0.831452480492,-0.346233245045
-0.834784959504,0.99066488356,-0.603930344537
-0.531156700072,0.880152153098,-0.332302112995
-0.694661837363,0.985999135346,-0.464987822454
-0.523405157512,0.831452480492,-0.346233245045
-0.581320369924,0.94307897723,-0.362816467404
-0.581320369924,0.94307897723,-0.362816467404
-0.783370072139,0.989897503928,-0.552715939085
-0.783370072139,0.989897503928,-0.552715939085
-0.541997291818,0.922359534177,-0.32909679186
-0.518859133125,0.864516809112,-0.325930698702
-0.629502820884,0.925144460929,-0.416335085094
-0.591340786427,0.905799883216,-0.384674247369
-0.546865558298,0.860473652384,-0.358815653723
-0.517395083255,0.864348175434,-0.324111197337
-0.629502820884,0.925144460929,-0.416335085094
-0.783370072139,0.989897503928,-0.552715939085
-0.629502820884,0.925144460929,-0.416335085094
-0.584060286175,0.930981516828,-0.369142446756
-0.783370072139,0.989897503928,-0.552715939085
-0.591340786427,0.905799883216,-0.384674247369
-0.556548487746,0.935338017121,-0.340107937414
-0.484974877204,0.808472123595,-0.317014953018
-0.783370072139,0.989897503928,-0.552715939085
-0.783370072139,0.989897503928,-0.552715939085
-0.546865558298,0.860473652384,-0.358815653723
-0.783370072139,0.989897503928,-0.552715939085
-0.783370072139,0.989897503928,-0.552715939085
-0.584060286175,0.930981516828,-0.369142446756
-0.591340786427,0.905799883216,-0.384674247369
-0.593444823557,0.935377693249,-0.376489450848
-0.484974877204,0.808472123595,-0.317014953018
-0.556131848186,0.871042107839,-0.362765637539
-0.617216681559,0.877203450661,-0.420635606759
-0.617216681559,0.877203450661,-0.420635606759
-0.603332531287,0.954326642319,-0.381859538829
-0.546438120065,0.877499428978,-0.349303482066
-0.603332531287,0.954326642319,-0.381859538829
-0.617216681559,0.877203450661,-0.420635606759
-0.617216681559,0.877203450661,-0.420635606759
-0.617216681559,0.877203450661,-0.420635606759
-0.501524715866,0.804947229555,-0.341985920317
-0.627219180591,0.895527252095,-0.424704488368
-0.546438120065,0.877499428978,-0.349303482066
-0.627219180591,0.895527252095,-0.424704488368
-0.594307260285,0.892222629671,-0.392647996806
-0.546438120065,0.877499428978,-0.349303482066
-0.501524715866,0.804947229555,-0.341985920317
-0.576643940101,0.926981875452,-0.362925380155
-0.5766439401,0.926981875452,-0.362925380155
-0.627219180591,0.895527252095,-0.424704488368
-0.623642932122,0.93348318311,-0.40743292969
-0.617216681559,0.877203450661,-0.420635606759
-0.617216681559,0.877203450661,-0.420635606759
-0.603239774614,0.938775915251,-0.386098313485
-0.794079619252,0.948724673341,-0.573756313402
-0.535985262634,0.87278060492,-0.342885945771
-0.640159479563,0.909631782586,-0.431019242175
-0.640159479563,0.909631782586,-0.431019242175
-0.794079619252,0.948724673341,-0.573756313402
-0.535985262634,0.87278060492,-0.342885945771
-0.478415854619,0.842215990857,-0.294569596154
-0.794079619252,0.948724673341,-0.573756313402
-0.794079619252,0.948724673341,-0.573756313402
-0.794079619252,0.948724673341,-0.573756313402
-0.503386964473,0.884257952361,-0.303349984958
-0.794079619252,0.948724673341,-0.573756313402
-0.527439247859,0.855574808164,-0.337260366106
-0.794079619252,0.948724673341,-0.573756313402
-0.49854809385,0.813201691244,-0.330122907589
-0.794079619252,0.948724673341,-0.573756313402
-0.495868256662,0.831615611663,-0.31642645055
-0.794079619252,0.948724673341,-0.573756313402
-0.640159479563,0.909631782586,-0.431019242175
-0.794079619252,0.948724673341,-0.573756313402
-0.794079619252,0.948724673341,-0.573756313402
-0.794079619252,0.948724673341,-0.573756313402
-0.794079619252,0.948724673341,-0.573756313402
-0.794079619252,0.948724673341,-0.573756313402
-0.794079619252,0.948724673341,-0.573756313402
-0.794079619252,0.948724673341,-0.573756313402
-0.503386964473,0.884257952361,-0.303349984958
-0.523854873448,0.885496431227,-0.323224317081
-0.794079619252,0.948724673341,-0.573756313402
-0.651471933093,0.901210545167,-0.445187391159
-0.599288204156,0.926896901187,-0.385468333434
-0.564094136786,0.893085424294,-0.360329526391
-0.571795694749,0.843752362956,-0.391801482984
-0.651471933093,0.901210545167,-0.445187391159
-0.487080883094,0.820629655632,-0.317340349804
-0.536408553438,0.83892743029,-0.355762780322
-0.651471933093,0.901210545167,-0.445187391159
-0.651471933093,0.901210545167,-0.445187391159
-0.571795694749,0.843752362956,-0.391801482984
-0.651471933093,0.901210545167,-0.445187391159
-0.651471933093,0.901210545167,-0.445187391159
-0.651471933093,0.901210545167,-0.445187391159
-0.573570724424,0.846120097638,-0.390267610618
-0.59631895134,0.899226853487,-0.390050471092
-0.651471933093,0.901210545167,-0.445187391159
-0.692336304433,0.929554920586,-0.478129955458
-0.651471933093,0.901210545167,-0.445187391159
-0.651471933093,0.901210545167,-0.445187391159
-0.573714561811,0.900376172414,-0.368395267756
-0.573714561811,0.900376172414,-0.368395267756
-0.651471933093,0.901210545167,-0.445187391159
-0.651471933093,0.901210545167,-0.445187391159
-0.565421266854,0.931848115308,-0.350069201283
-0.651471933093,0.901210545167,-0.445187391159
-0.443356807784,0.804928921428,-0.281296426162
-0.571019668105,0.902895982157,-0.364572134614
-0.573714561811,0.900376172414,-0.368395267756
-0.571019668105,0.902895982157,-0.364572134614
-0.692336304433,0.929554920586,-0.478129955458
-0.575053211494,0.86403892818,-0.383423414258
-0.575053211494,0.86403892818,-0.383423414258
-0.518965005543,0.847534081307,-0.3350661509
-0.518965005543,0.847534081307,-0.3350661509
-0.5368977947,0.875761827698,-0.341544739205
-0.671077348557,0.913964562627,-0.460455681683
-0.496211007275,0.793970319408,-0.33777715447
-0.607253257537,0.885263490386,-0.408049935403
-0.558903688655,0.928949358743,-0.344342801772
-0.6293560729,0.90826226701,-0.421233647554
-0.5368977947,0.875761827698,-0.341544739205
-0.585775595061,0.906988748412,-0.378222255257
-0.564080844437,0.902627151526,-0.357774780493
-0.607253257537,0.885263490386,-0.408049935403
-0.575053211494,0.86403892818,-0.383423414258
-0.538486040802,0.864436908523,-0.347147144729
-0.588977683302,0.888639191102,-0.389542541553
-0.569334913262,0.904101667717,-0.36254889329
-0.588977683302,0.888639191102,-0.389542541553
-0.564080844437,0.902627151526,-0.357774780493
-0.671077348557,0.913964562627,-0.460455681683
-0.671077348557,0.913964562627,-0.460455681683
-0.588977683302,0.888639191102,-0.389542541553
-0.585020615018,0.925145673593,-0.371942828564
-0.671077348557,0.913964562627,-0.460455681683
-0.671077348557,0.913964562627,-0.460455681683
-0.6293560729,0.90826226701,-0.421233647554
-0.681208900727,0.914672193886,-0.471778891024
-0.558906055019,0.88865724231,-0.357360929746
-0.738343107058,0.982708638518,-0.509508606819
-0.681208900727,0.914672193886,-0.471778891024
-0.589646371094,0.902060430278,-0.382895731967
-0.738343107058,0.982708638518,-0.509508606819
-0.574314039591,0.908358875221,-0.366025062326
-0.681208900727,0.914672193886,-0.471778891024
-0.561935459743,0.922812239869,-0.349209474892
-0.591388146323,0.912836816203,-0.381643104932
-0.530795491808,0.860933685924,-0.338272352497
-0.515344913172,0.89399401122,-0.312411518365
-0.681208900727,0.914672193886,-0.471778891024
-0.512583723348,0.796352424556,-0.358721328957
-0.603331913514,0.897987218591,-0.399458106215
-0.589646371094,0.902060430278,-0.382895731967
-0.681208900727,0.914672193886,-0.471778891024
-0.512583723348,0.796352424556,-0.358721328957
-0.512583723348,0.796352424556,-0.358721328957
-0.557279537327,0.867011849351,-0.363012443758
-0.540849603638,0.856067435865,-0.350986755085
-0.496646356305,0.839019640923,-0.31309246869
-0.547804340095,0.875844925656,-0.35006368752
-0.540849603638,0.856067435865,-0.350986755085
-0.557279537327,0.867011849351,-0.363012443758
-0.547804340095,0.875844925656,-0.35006368752
-0.509684421645,0.859762643598,-0.317943281953
-0.49510344129,0.926370802836,-0.281117557794
-0.565368409601,0.890626265147,-0.362730306633
-0.557279537327,0.867011849351,-0.363012443758
-0.547804340095,0.875844925656,-0.35006368752
-0.547455149488,0.896811107705,-0.344159040785
-0.547804340095,0.875844925656,-0.35006368752
-0.434380292469,0.810631314114,-0.26355664898
-0.557279537327,0.867011849351,-0.363012443758
-0.475675855371,0.792898270789,-0.315909264437
-0.551587718767,0.92922872061,-0.336655037854
-0.692499658722,0.937864053251,-0.475624635656
-0.552567331175,0.922558813099,-0.339831226542
-0.610923845877,0.889134416356,-0.40977943785
-0.692499658722,0.937864053251,-0.475624635656
-0.538301459191,0.875513240897,-0.34188954757
-0.610923845877,0.889134416356,-0.40977943785
-0.692499658722,0.937864053251,-0.475624635656
-0.552567331175,0.922558813099,-0.339831226542
-0.692499658722,0.937864053251,-0.475624635656
-0.610923845877,0.889134416356,-0.40977943785
-0.5744661387,0.917147122301,-0.363935647448
-0.605816367885,0.893022743972,-0.402310868959
-0.610923845877,0.889134416356,-0.40977943785
-0.607407105985,0.958538295098,-0.384835712511
-0.536054219424,0.869333684673,-0.340576283725
-0.605816367885,0.893022743972,-0.402310868959
-0.605816367885,0.893022743972,-0.402310868959
-0.605816367885,0.893022743972,-0.402310868959
-0.605816367885,0.893022743972,-0.402310868959
-0.536054219424,0.869333684673,-0.340576283725
-0.692499658722,0.937864053251,-0.475624635656
-0.552567331175,0.922558813099,-0.339831226542
-0.605816367885,0.893022743972,-0.402310868959
-0.610923845877,0.889134416356,-0.40977943785
-0.692499658722,0.937864053251,-0.475624635656
-0.610923845877,0.889134416356,-0.40977943785
-0.610923845877,0.889134416356,-0.40977943785
-0.571641204026,0.924849159717,-0.358309435929
-0.562228944875,0.897631156671,-0.358178077068
-0.571641204026,0.924849159717,-0.358309435929
-0.571641204026,0.924849159717,-0.358309435929
-0.618386532906,0.955536459511,-0.396624988832
-0.550756520127,0.874146325177,-0.35525093631
-0.618386532906,0.955536459511,-0.396624988832
-0.571641204026,0.924849159717,-0.358309435929
-0.574657117218,0.933179123259,-0.359096560066
-0.560147320882,0.857443541219,-0.371584089585
-0.566239757515,0.868125737009,-0.37416199104
-0.571641204026,0.924849159717,-0.358309435929
-0.562228944875,0.897631156671,-0.358178077068
-0.550756520127,0.874146325177,-0.35525093631
-0.560147320882,0.857443541219,-0.371584089585
-0.571641204026,0.924849159717,-0.358309435929
-0.479972810331,0.862317785239,-0.286575406472
-0.572440794158,0.877675031066,-0.373318750905
-0.677163041019,0.962260233227,-0.453560096855
-0.677163041019,0.962260233227,-0.453560096855
-0.677163041019,0.962260233227,-0.453560096855
-0.677163041019,0.962260233227,-0.453560096855
-0.677163041019,0.962260233227,-0.453560096855
-0.580556849859,0.874067138366,-0.383655741044
-0.513350147874,0.839337459448,-0.332835707856
-0.513350147874,0.839337459448,-0.332835707856
-0.59083935294,0.842146698407,-0.407338140956
-0.677163041019,0.962260233227,-0.453560096855
-0.677163041019,0.962260233227,-0.453560096855
-0.677163041019,0.962260233227,-0.453560096855
-0.677163041019,0.962260233227,-0.453560096855
-0.677163041019,0.962260233227,-0.453560096855
-0.59083935294,0.842146698407,-0.407338140956
-0.572440794158,0.877675031066,-0.373318750905
-0.59083935294,0.842146698407,-0.407338140956
-0.555678766784,0.90740496184,-0.347725356009
-0.611403715384,0.91595245292,-0.40040097225
-0.551058615197,0.908381305836,-0.343613871879
-0.602826700593,0.909379589309,-0.394938815819
-0.612417028336,0.913053606325,-0.403063313569
-0.565783303883,0.89147989774,-0.363489355466
-0.611403715384,0.91595245292,-0.40040097225
-0.562489249354,0.915655883445,-0.351884580223
-0.606318810428,0.917003131353,-0.395710940297
-0.602826700593,0.909379589309,-0.394938815819
-0.441107923164,0.843921043289,-0.256596866292
-0.514298382967,0.802644204857,-0.355586239636
-0.612417028336,0.913053606325,-0.403063313569
-0.602826700593,0.909379589309,-0.394938815819
-0.525279328809,0.933512729251,-0.309385708499
-0.562489249354,0.915655883445,-0.351884580223
-0.606318810428,0.917003131353,-0.395710940297
-0.551058615197,0.908381305836,-0.343613871879
-0.612417028336,0.913053606325,-0.403063313569
-0.611403715384,0.91595245292,-0.40040097225
-0.611403715384,0.91595245292,-0.40040097225
-0.514298382967,0.802644204857,-0.355586239636
-0.612417028336,0.913053606325,-0.403063313569
-0.525279328809,0.933512729251,-0.309385708499
-0.612417028336,0.913053606325,-0.403063313569
-0.602826700593,0.909379589309,-0.394938815819
-0.512482148307,0.892088019822,-0.310135151106
-0.553550976156,0.903060768956,-0.34796455763
-0.578301303717,0.908388708716,-0.370439194024
-0.647525435029,0.909295303806,-0.439101683554
-0.647525435029,0.909295303806,-0.439101683554
-0.621499294666,0.881967928858,-0.42302309386
-0.574493395362,0.94442008605,-0.355596846423
-0.647525435029,0.909295303806,-0.439101683554
-0.647525435029,0.909295303806,-0.439101683554
-0.529288967747,0.823753912252,-0.35738467228
-0.621499294666,0.881967928858,-0.42302309386
-0.584220380665,0.900539139994,-0.377935202617
-0.485319027708,0.797306700782,-0.33777367298
-0.621499294666,0.881967928858,-0.42302309386
-0.647525435029,0.909295303806,-0.439101683554
-0.593380549934,0.907649593394,-0.384904500065
-0.647525435029,0.909295303806,-0.439101683554
-0.529288967747,0.823753912252,-0.35738467228
-0.647525435029,0.909295303806,-0.439101683554
-0.621499294666,0.881967928858,-0.42302309386
-0.621499294666,0.881967928858,-0.42302309386
-0.593380549934,0.907649593394,-0.384904500065
-0.584220380665,0.900539139994,-0.377935202617
-0.584220380665,0.900539139994,-0.377935202617
-0.565016891637,0.902728582996,-0.358243764998
-0.647525435029,0.909295303806,-0.439101683554
-0.647525435029,0.909295303806,-0.439101683554
-0.591665612639,0.911111659349,-0.382068634624
-0.54350793786,0.878676281494,-0.346516124135
-0.54350793786,0.878676281494,-0.346516124135
-0.621499294666,0.881967928858,-0.42302309386
-0.647525435029,0.909295303806,-0.439101683554
-0.786466611731,0.955586206154,-0.564714920639
-0.610129094894,0.850111898945,-0.425340648193
-0.786466611731,0.955586206154,-0.564714920639
-0.610129094894,0.850111898945,-0.425340648193
-0.786466611731,0.955586206154,-0.564714920639
-0.786466611731,0.955586206154,-0.564714920639
-0.579024153033,0.900721558479,-0.374116813203
-0.786466611731,0.955586206154,-0.564714920639
-0.508800321858,0.849066157621,-0.322435096222
-0.786466611731,0.955586206154,-0.564714920639
-0.64698488313,0.928813374167,-0.432610922821
-0.64698488313,0.928813374167,-0.432610922821
-0.786466611731,0.955586206154,-0.564714920639
-0.610129094894,0.850111898945,-0.425340648193
-0.786466611731,0.955586206154,-0.564714920639
-0.622893932782,0.95030499031,-0.402554716924
-0.786466611731,0.955586206154,-0.564714920639
-0.786466611731,0.955586206154,-0.564714920639
-0.786466611731,0.955586206154,-0.564714920639
-0.786466611731,0.955586206154,-0.564714920639
-0.786466611731,0.955586206154,-0.564714920639
-0.610129094894,0.850111898945,-0.425340648193
-0.56512648048,0.892346905976,-0.364836538444
-0.786466611731,0.955586206154,-0.564714920639
-0.64698488313,0.928813374167,-0.432610922821
-0.592995786074,0.841596299749,-0.410474571983
-0.56512648048,0.892346905976,-0.364836538444
-0.786466611731,0.955586206154,-0.564714920639
-0.622893932782,0.95030499031,-0.402554716924
-0.50467618043,0.855000947025,-0.31439746561
-0.562278929466,0.902224350572,-0.356618340108
-0.528866308351,0.814482129185,-0.357463294532
-0.607374285556,0.919380541559,-0.395667219497
-0.562278929466,0.902224350572,-0.356618340108
-0.560448839438,0.880128408451,-0.36323694788
-0.648902038819,0.911902658293,-0.438633530245
-0.548736932389,0.879226996347,-0.351870792058
-0.565325515853,0.936631352693,-0.348684182649
-0.648902038819,0.911902658293,-0.438633530245
-0.528866308351,0.814482129185,-0.357463294532
-0.558869967484,0.880143743048,-0.362706288689
-0.587139180964,0.916627941316,-0.376501969522
-0.548736932389,0.879226996347,-0.351870792058
-0.528866308351,0.814482129185,-0.357463294532
-0.528866308351,0.814482129185,-0.357463294532
-0.654402079239,0.944685899222,-0.435488192509
-0.607374285556,0.919380541559,-0.395667219497
-0.594281845365,0.907002910223,-0.387028522997
-0.499940693519,0.822314233455,-0.326556740609
-0.589301732053,0.925606830881,-0.376118408905
-0.607374285556,0.919380541559,-0.395667219497
-0.587139180964,0.916627941316,-0.376501969522
-0.594281845365,0.907002910223,-0.387028522997
-0.648902038819,0.911902658293,-0.438633530245
-0.51301164025,0.879268894043,-0.313526753788
-0.66018811541,0.945473383814,-0.440818412339
-0.537824283076,0.817671967127,-0.368681955804
-0.658604172739,0.90054402765,-0.452146584922
-0.653220960712,0.960818043775,-0.430007180514
-0.550665524096,0.869607604347,-0.360600856011
-0.658604172739,0.90054402765,-0.452146584922
-0.658604172739,0.90054402765,-0.452146584922
-0.653220960712,0.960818043775,-0.430007180514
-0.653220960712,0.960818043775,-0.430007180514
-0.658604172739,0.90054402765,-0.452146584922
-0.653220960712,0.960818043775,-0.430007180514
-0.653220960712,0.960818043775,-0.430007180514
-0.658604172739,0.90054402765,-0.452146584922
-0.658604172739,0.90054402765,-0.452146584922
-0.658604172739,0.90054402765,-0.452146584922
-0.68583361405,0.949185380273,-0.465878323985
-0.66018811541,0.945473383814,-0.440818412339
-0.658604172739,0.90054402765,-0.452146584922
-0.658604172739,0.90054402765,-0.452146584922
-0.66018811541,0.945473383814,-0.440818412339
-0.537824283076,0.817671967128,-0.368681955804
-0.68583361405,0.949185380273,-0.465878323985
-0.66018811541,0.945473383814,-0.440818412339
-0.658604172739,0.90054402765,-0.452146584922
-0.653220960712,0.960818043775,-0.430007180514
-0.546411229619,0.874616474394,-0.350896339153
-0.658604172739,0.90054402765,-0.452146584922
-0.581689137037,0.904547708683,-0.374707302024
-0.658604172739,0.90054402765,-0.452146584922
-0.653220960712,0.960818043775,-0.430007180514
-0.514707369845,0.822738813986,-0.34593994512
-0.585478231669,0.950194638979,-0.364907586525
-0.63857148676,0.954936276993,-0.416921084765
-0.627303938938,0.94176129496,-0.408414853487
-0.503013075603,0.884674742421,-0.303442527258
-0.627303938938,0.94176129496,-0.408414853487
-0.514707369845,0.822738813986,-0.34593994512
-0.597327073246,0.928459197446,-0.3825029624
-0.585478231669,0.950194638979,-0.364907586525
-0.627303938938,0.94176129496,-0.408414853487
-0.63857148676,0.954936276993,-0.416921084765
-0.494856086617,0.872213585018,-0.298513117343
-0.514707369845,0.822738813986,-0.34593994512
-0.514707369845,0.822738813986,-0.34593994512
-0.597327073246,0.928459197446,-0.3825029624
-0.507789308274,0.830991767018,-0.331246419757
-0.514707369845,0.822738813986,-0.34593994512
-0.585478231669,0.950194638979,-0.364907586525
-0.674564972249,0.931147332279,-0.459134476314
-0.674564972249,0.931147332279,-0.459134476314
-0.666979727303,0.899555322316,-0.462594092455
-0.510992017731,0.849261705074,-0.325526503613
-0.674564972249,0.931147332279,-0.459134476314
-0.664610070232,0.915956374076,-0.454192322248
-0.605861438283,0.874384373418,-0.41024017787
-0.666979727303,0.899555322316,-0.462594092455
-0.674564972249,0.931147332279,-0.459134476314
-0.666979727303,0.899555322316,-0.462594092455
-0.666979727303,0.899555322316,-0.462594092455
-0.666979727303,0.899555322316,-0.462594092455
-0.674564972249,0.931147332279,-0.459134476314
-0.730590587584,0.955747707586,-0.508749311983
-0.730590587584,0.955747707586,-0.508749311983
-0.664610070232,0.915956374076,-0.454192322248
-0.582740025649,0.910897441864,-0.374152599996
-0.666979727303,0.899555322316,-0.462594092455
-0.551600241349,0.86383221388,-0.361895935073
-0.527052682737,0.880172979915,-0.328372802035
-0.666979727303,0.899555322316,-0.462594092455
-0.730590587584,0.955747707586,-0.508749311983
-0.666979727303,0.899555322316,-0.462594092455
-0.611722392856,0.918844834364,-0.400846345984
-0.645157581697,0.928535876823,-0.431400866613
-0.666979727303,0.899555322316,-0.462594092455
-0.553387677616,0.856432952847,-0.36590761364
-0.555432924862,0.868575690812,-0.360770127401
-0.663071180037,0.934851987867,-0.447462436038
-0.555432924862,0.868575690812,-0.360770127401
-0.553387677616,0.856432952847,-0.36590761364
-0.605660087992,0.926582886115,-0.392181499124
-0.605660087992,0.926582886115,-0.392181499124
-0.60048945188,0.903721346774,-0.394500564734
-0.57583659779,0.887438391336,-0.374784887345
-0.535800657517,0.894169117131,-0.332887128843
-0.736643356092,0.963473475959,-0.512604693012
-0.736643356092,0.963473475959,-0.512604693012
-0.736643356092,0.963473475959,-0.512604693012
-0.736643356092,0.963473475959,-0.512604693012
-0.555432924862,0.868575690812,-0.360770127401
-0.553387677616,0.856432952847,-0.36590761364
-0.605660087992,0.926582886115,-0.392181499124
-0.736643356092,0.963473475959,-0.512604693012
-0.543779870111,0.818990664169,-0.374540930909
-0.555432924862,0.868575690812,-0.360770127401
-0.553387677616,0.856432952847,-0.36590761364
-0.555432924862,0.868575690812,-0.360770127401
-0.593005756684,0.92168994968,-0.380510912284
-0.736643356092,0.963473475959,-0.512604693012
-0.553387677616,0.856432952847,-0.36590761364
-0.5725700017,0.965393841771,-0.348096469334
-0.57583659779,0.887438391336,-0.374784887345
-0.585383495946,0.865634767658,-0.395057373811
-0.570687961702,0.900733611645,-0.366759989789
-0.489568647718,0.897841768359,-0.284368903312
-0.520298875217,0.898798085658,-0.315020907182
-0.611074018189,0.859926860551,-0.421709413886
-0.611074018189,0.859926860551,-0.421709413886
-0.611074018189,0.859926860551,-0.421709413886
-0.525533725309,0.850109897858,-0.339405338018
-0.549192743334,0.899726603551,-0.343589559161
-0.58969006755,0.904251645913,-0.383549368773
-0.611074018189,0.859926860551,-0.421709413886
-0.611074018189,0.859926860551,-0.421709413886
-0.520298875217,0.898798085658,-0.315020907182
-0.585383495946,0.865634767658,-0.395057373811
-0.58969006755,0.904251645913,-0.383549368773
-0.611074018189,0.859926860551,-0.421709413886
-0.579061197214,0.917276363018,-0.367702317232
-0.573665091167,0.877671077731,-0.375642169452
-0.570687961702,0.900733611645,-0.366759989789
-0.611074018189,0.859926860551,-0.421709413886
-0.611074018189,0.859926860551,-0.421709413886
-0.573665091167,0.877671077731,-0.375642169452
-0.573665091167,0.877671077731,-0.375642169452
-0.585383495946,0.865634767658,-0.395057373811
-0.524124907304,0.881952945,-0.32668548057
-0.591621137906,0.949187092972,-0.371447932943
-0.480097128167,0.767664759558,-0.334431223684
-0.591621137906,0.949187092972,-0.371447932943
-0.480097128167,0.767664759558,-0.334431223684
-0.54756579769,0.849976663933,-0.36462086222
-0.614985387788,0.904829683934,-0.407678990755
-0.614985387788,0.904829683934,-0.407678990755
-0.480097128167,0.767664759558,-0.334431223684
-0.553496943628,0.845296543493,-0.372164139335
-0.520035756864,0.800463354552,-0.363057651878
-0.614985387788,0.904829683934,-0.407678990755
-0.614985387788,0.904829683934,-0.407678990755
-0.614985387788,0.904829683934,-0.407678990755
-0.614985387788,0.904829683934,-0.407678990755
-0.568140292725,0.923041539396,-0.355925132038
-0.480097128167,0.767664759558,-0.334431223684
-0.607892483953,0.964107603,-0.383816317767
-0.520035756864,0.800463354552,-0.363057651878
-0.614985387788,0.904829683934,-0.407678990755
-0.580222293023,0.900636743681,-0.374679799978
-0.592664660469,0.845243020846,-0.409103099398
-0.592664660469,0.845243020846,-0.409103099398
-0.542247068353,0.835737263479,-0.361112779322
-0.580222293023,0.900636743681,-0.374679799978
-0.592664660469,0.845243020846,-0.409103099398
-0.567575495458,0.845401145957,-0.384144365061
-0.530617157161,0.859662753102,-0.342123729318
-0.592664660469,0.845243020846,-0.409103099398
-0.542247068353,0.835737263479,-0.361112779322
-0.557267248183,0.854749453325,-0.373241677426
-0.592664660469,0.845243020846,-0.409103099398
-0.586930534794,0.931988959961,-0.371475033643
-0.542247068353,0.835737263479,-0.361112779322
-0.592664660469,0.845243020846,-0.409103099398
-0.513670794949,0.73854988069,-0.41651206105
-0.473954425141,0.852653355053,-0.284323540413
-0.654231388287,0.968795530716,-0.428962119421
-0.542247068353,0.835737263479,-0.361112779322
-0.513670794949,0.73854988069,-0.41651206105
-0.562657587145,0.873165340685,-0.36617101832
-0.567575495458,0.845401145957,-0.384144365061
-0.562657587145,0.873165340685,-0.36617101832
-0.513670794949,0.73854988069,-0.41651206105
-0.542247068353,0.835737263479,-0.361112779322
-0.562657587145,0.873165340685,-0.36617101832
-0.580222293023,0.900636743681,-0.374679799978
-0.592126193783,0.93185224238,-0.376986096047
-0.532267683243,0.914904021807,-0.322489034688
-0.610802430212,0.888354895153,-0.411043040725
-0.610802430212,0.888354895153,-0.411043040725
-0.576425644559,0.872029577042,-0.38605946026
-0.576425644559,0.872029577042,-0.38605946026
-0.576425644559,0.872029577042,-0.38605946026
-0.576425644559,0.872029577042,-0.38605946026
-0.592126193783,0.93185224238,-0.376986096047
-0.576425644559,0.872029577042,-0.38605946026
-0.592126193783,0.93185224238,-0.376986096047
-0.555301621405,0.92782952876,-0.341113611152
-0.513293440981,0.851340499265,-0.328541086171
-0.610802430212,0.888354895153,-0.411043040725
-0.576425644559,0.872029577042,-0.38605946026
-0.592126193783,0.93185224238,-0.376986096047
-0.576425644559,0.872029577042,-0.38605946026
-0.592126193783,0.93185224238,-0.376986096047
-0.610802430212,0.888354895153,-0.411043040725
-0.586348124344,0.906498833416,-0.379777593445
-0.630508685699,0.98338091234,-0.401502704268
-0.619857241201,0.903420574221,-0.413167849086
-0.562675067555,0.916627475246,-0.351641103952
-0.517336792187,0.865963345261,-0.323321987826
-0.566149147229,0.925481024825,-0.352563315681
-0.619857241201,0.903420574221,-0.413167849086
-0.537472876307,0.865663155131,-0.342742366613
-0.619857241201,0.903420574221,-0.413167849086
-0.619857241201,0.903420574221,-0.413167849086
-0.537472876307,0.865663155131,-0.342742366613
-0.619857241201,0.903420574221,-0.413167849086
-0.619857241201,0.903420574221,-0.413167849086
-0.47324395412,0.884590131389,-0.272381145993
-0.619857241201,0.903420574221,-0.413167849086
-0.465919900001,0.851614685817,-0.276088969133
-0.560009165043,0.925353297374,-0.346475490119
-0.537472876307,0.865663155131,-0.342742366613
-0.619857241201,0.903420574221,-0.413167849086
-0.537472876307,0.865663155131,-0.342742366613
-0.562675067555,0.916627475246,-0.351641103952
-0.4497286543,0.795913640689,-0.288883030855
-0.633454768739,0.917098100417,-0.422596985512
-0.557256766431,0.875186494423,-0.360750398309
-0.576467316464,0.905931012625,-0.369075100469
-0.498175054081,0.88859129504,-0.296800227396
-0.541297239769,0.846721743204,-0.356450652872
-0.572207989034,0.899548759468,-0.36636935652
-0.633454768739,0.917098100417,-0.422596985512
-0.572207989034,0.899548759468,-0.36636935652
-0.492819239589,0.845320383023,-0.308786268506
-0.498175054081,0.88859129504,-0.296800227396
-0.566838371571,0.873619726162,-0.374200854072
-0.633454768739,0.917098100417,-0.422596985512
-0.695965342378,0.986272878367,-0.466230263893
-0.557256766431,0.875186494422,-0.360750398309
-0.695965342378,0.986272878367,-0.466230263893
-0.570476069399,0.91211654089,-0.36137216763
-0.633454768739,0.917098100417,-0.422596985512
-0.617450537118,0.897391767341,-0.4122306178
-0.537630848963,0.881435609735,-0.338470718298
-0.566838371571,0.873619726162,-0.374200854072
-0.617450537118,0.897391767341,-0.4122306178
-0.570476069399,0.91211654089,-0.36137216763
-0.576467316464,0.905931012625,-0.369075100469
-0.557256766431,0.875186494423,-0.360750398309
-0.633454768739,0.917098100417,-0.422596985512
-0.627839681034,0.857466220382,-0.43917550217
-0.648122653451,0.92618066934,-0.435111295755
-0.552223030315,0.899058790459,-0.346551055447
-0.579496455267,0.845585771015,-0.398695772003
-0.572285428666,0.84592579946,-0.387564972827
-0.572285428666,0.84592579946,-0.387564972827
-0.552223030315,0.899058790459,-0.346551055447
-0.627839681034,0.857466220382,-0.43917550217
-0.616958602433,0.962698713562,-0.393260438598
-0.627839681034,0.857466220382,-0.43917550217
-0.627839681034,0.857466220382,-0.43917550217
-0.627839681034,0.857466220382,-0.43917550217
-0.648122653451,0.92618066934,-0.435111295755
-0.616958602433,0.962698713562,-0.393260438598
-0.552223030315,0.899058790459,-0.346551055447
-0.627839681034,0.857466220382,-0.43917550217
-0.552223030315,0.899058790459,-0.346551055447
-0.579496455267,0.845585771015,-0.398695772003
-0.648122653451,0.92618066934,-0.435111295755
-0.624522548922,0.90295120452,-0.419349470978
-0.627839681034,0.857466220382,-0.43917550217
-0.572285428666,0.84592579946,-0.387564972827
-0.571214353054,0.938403527756,-0.35414983872
-0.648122653451,0.92618066934,-0.435111295755
-0.611164529664,0.844512631834,-0.427121723318
-0.569697807731,0.858290460651,-0.380266690076
-0.573782182645,0.902153850991,-0.368520896115
-0.581500333989,0.918820719584,-0.370081721404
-0.611164529664,0.844512631834,-0.427121723318
-0.611164529664,0.844512631834,-0.427121723318
-0.611164529664,0.844512631834,-0.427121723318
-0.611164529664,0.844512631834,-0.427121723318
-0.574180985301,0.957202884543,-0.352000341375
-0.574180985301,0.957202884543,-0.352000341375
-0.490613339233,0.828981149819,-0.31853764437
-0.54539965452,0.888067082532,-0.344240751592
-0.713198490298,0.978179406429,-0.485481684991
-0.611164529664,0.844512631834,-0.427121723318
-0.611164529664,0.844512631834,-0.427121723318
-0.611164529664,0.844512631834,-0.427121723318
-0.713198490298,0.978179406429,-0.485481684991
-0.611164529664,0.844512631834,-0.427121723318
-0.642345351239,0.931014774008,-0.427461187919
-0.552472101171,0.863235931722,-0.361620743953
-0.611164529664,0.844512631834,-0.427121723318
-0.484825727633,0.89341431024,-0.280781089848
-0.49071814524,0.858597816625,-0.301726390766
-0.557273776392,0.893206006007,-0.35425304515
-0.611164529664,0.844512631834,-0.427121723318
-0.573122449515,0.956747778313,-0.350989375804
-0.574180985301,0.957202884543,-0.352000341375
-0.82028056585,0.945560751078,-0.600270068884
-0.608572506053,0.817753534287,-0.445013976642
-0.510596527691,0.897154135854,-0.306186276407
-0.758096959369,0.950005648297,-0.537483630568
-0.82028056585,0.945560751078,-0.600270068884
-0.608572506053,0.817753534287,-0.445013976642
-0.758096959369,0.950005648297,-0.537483630568
-0.573037958609,0.941906159196,-0.35486440064
-0.608572506053,0.817753534287,-0.445013976642
-0.6951105752,0.95733493826,-0.472459151512
-0.758096959369,0.950005648297,-0.537483630568
-0.82028056585,0.945560751078,-0.600270068884
-0.6951105752,0.95733493826,-0.472459151512
-0.6951105752,0.95733493826,-0.472459151512
-0.560473042859,0.867601190655,-0.369206058508
-0.758096959369,0.950005648297,-0.537483630568
-0.608572506053,0.817753534287,-0.445013976642
-0.82028056585,0.945560751078,-0.600270068884
-0.758096959369,0.950005648297,-0.537483630568
-0.82028056585,0.945560751078,-0.600270068884
-0.758096959369,0.950005648297,-0.537483630568
-0.6951105752,0.95733493826,-0.472459151512
-0.565999816794,0.901838230735,-0.360121621508
-0.82028056585,0.945560751078,-0.600270068884
-0.6951105752,0.95733493826,-0.472459151512
-0.6951105752,0.95733493826,-0.472459151512
-0.82028056585,0.945560751078,-0.600270068884
-0.758096959369,0.950005648297,-0.537483630568
-0.752917604031,0.941575849223,-0.534476001148
-0.577093705535,0.863436043717,-0.385762548316
-0.525480733803,0.890380240347,-0.323389568243
-0.577093705535,0.863436043717,-0.385762548316
-0.752917604031,0.941575849223,-0.534476001148
-0.453221989233,0.82673872298,-0.274880910209
-0.577093705535,0.863436043717,-0.385762548316
-0.577093705535,0.863436043717,-0.385762548316
-0.52508712363,0.887192401998,-0.32337495398
-0.586033237401,0.920742347718,-0.374412078792
-0.752917604031,0.941575849223,-0.534476001148
-0.752917604031,0.941575849223,-0.534476001148
-0.752917604031,0.941575849223,-0.534476001148
-0.752917604031,0.941575849223,-0.534476001148
-0.752917604031,0.941575849223,-0.534476001148
-0.525480733803,0.890380240347,-0.323389568243
-0.52428956646,0.839342285722,-0.346108581485
-0.577093705535,0.863436043717,-0.385762548316
-0.752917604031,0.941575849223,-0.534476001148
-0.577093705535,0.863436043717,-0.385762548316
-0.515553218592,0.840980082319,-0.334913306926
-0.752917604031,0.941575849223,-0.534476001148
-0.752917604031,0.941575849223,-0.534476001148
-0.56342529174,0.904639975416,-0.357754543649
-0.586033237401,0.920742347718,-0.374412078792
-0.570691200783,0.928119116296,-0.356014612792
-0.752917604031,0.941575849223,-0.534476001148
-0.586423549506,0.854935564165,-0.404677321582
-0.586423549506,0.854935564165,-0.404677321582
-0.53520326983,0.823135241771,-0.363843303945
-0.53520326983,0.823135241771,-0.363843303945
-0.569839818125,0.869279003631,-0.377799009902
-0.618593321479,0.86246459442,-0.429235285623
-0.584018473647,0.903883199081,-0.378168400782
-0.549041344856,0.872883837302,-0.353669413597
-0.618593321479,0.86246459442,-0.429235285623
-0.529475830026,0.850430863198,-0.343475407954
-0.618593321479,0.86246459442,-0.429235285623
-0.53520326983,0.823135241771,-0.363843303945
-0.586423549506,0.854935564165,-0.404677321582
-0.61769780839,0.923664303236,-0.40514349967
-0.586423549506,0.854935564165,-0.404677321582
-0.618593321479,0.86246459442,-0.429235285623
-0.529475830026,0.850430863198,-0.343475407954
-0.586423549506,0.854935564165,-0.404677321582
-0.586423549506,0.854935564165,-0.404677321582
-0.53823656661,0.888944685287,-0.336305519463
-0.61769780839,0.923664303236,-0.40514349967
-0.61769780839,0.923664303236,-0.40514349967
-0.529475830026,0.850430863198,-0.343475407954
-0.61769780839,0.923664303236,-0.40514349967
-0.618593321479,0.86246459442,-0.429235285623
-0.618593321479,0.86246459442,-0.429235285623
-0.584018473647,0.903883199081,-0.378168400782
-0.69551872372,0.977719892442,-0.467959276281
-0.752210890059,0.978666954214,-0.524396963709
-0.628745406788,0.946658239309,-0.409275591462
-0.752210890059,0.978666954214,-0.524396963709
-0.584904646592,0.921241646983,-0.372495858995
-0.752210890059,0.978666954214,-0.524396963709
-0.584904646592,0.921241646983,-0.372495858995
-0.752210890059,0.978666954214,-0.524396963709
-0.532066426535,0.836049310042,-0.350801529559
-0.584904646592,0.921241646983,-0.372495858995
-0.532066426535,0.836049310042,-0.350801529559
-0.752210890059,0.978666954214,-0.524396963709
-0.561260088209,0.885300461893,-0.361707944619
-0.752210890059,0.978666954214,-0.524396963709
-0.752210890059,0.978666954214,-0.524396963709
-0.752210890059,0.978666954214,-0.524396963709
-0.654418884098,0.942312136995,-0.436129748315
-0.752210890059,0.978666954214,-0.524396963709
-0.551482087189,0.920839731976,-0.339482679389
-0.616338450795,0.888767306085,-0.417195060057
-0.69551872372,0.977719892442,-0.467959276281
-0.752210890059,0.978666954214,-0.524396963709
-0.654418884098,0.942312136995,-0.436129748315
-0.616338450795,0.888767306085,-0.417195060057
-0.69551872372,0.977719892442,-0.467959276281
-0.532066426535,0.836049310042,-0.350801529559
-0.616338450795,0.888767306085,-0.417195060057
-0.752210890059,0.978666954214,-0.524396963709
-0.5201804241,0.859372725684,-0.33175461239
-0.721796590289,0.978149441987,-0.49412242753
-0.611812428461,0.89919448907,-0.408112455164
-0.540044201163,0.926528513852,-0.326229147753
-0.540546713051,0.920195582162,-0.328514905067
-0.569441716986,0.907389604027,-0.361117793088
-0.721796590289,0.978149441987,-0.49412242753
-0.459807864873,0.77142907828,-0.327727629098
-0.611812428461,0.89919448907,-0.408112455164
-0.660619709735,0.980627838792,-0.432314335471
-0.565138991771,0.916403158649,-0.354791046701
-0.611812428461,0.89919448907,-0.408112455164
-0.459807864873,0.77142907828,-0.327727629098
-0.630234121865,0.918074501788,-0.418649878115
-0.660619709735,0.980627838792,-0.432314335471
-0.513437590782,0.83954324914,-0.340171245617
-0.630234121865,0.918074501788,-0.418649878115
-0.569441716986,0.907389604027,-0.361117793088
-0.660619709735,0.980627838792,-0.432314335471
-0.660619709735,0.980627838792,-0.432314335471
-0.449229955146,0.806591864206,-0.277814033258
-0.473818952078,0.811094932938,-0.308560176242
-0.569441716986,0.907389604027,-0.361117793088
-0.459807864873,0.77142907828,-0.327727629098
-0.630234121865,0.918074501788,-0.418649878115
-0.630234121865,0.918074501788,-0.418649878115
-0.569441716986,0.907389604027,-0.361117793088
-0.660619709735,0.980627838792,-0.432314335471
-0.549987907441,0.857143176946,-0.360796559315
-0.53498294025,0.858257808625,-0.345925549054
-0.525513502324,0.903441949233,-0.319218800876
-0.525043624744,0.90164332517,-0.31948561771
-0.599704193356,0.933373633155,-0.383676896343
-0.595308099684,0.906065774059,-0.38756059795
-0.541845424095,0.899978899077,-0.336037833742
-0.487020311481,0.836578962549,-0.305749177194
-0.573895249453,0.935388062253,-0.357497798777
-0.599704193356,0.933373633155,-0.383676896343
-0.541845424095,0.899978899077,-0.336037833742
-0.541845424095,0.899978899077,-0.336037833742
-0.53498294025,0.858257808625,-0.345925549054
-0.595205003375,0.925474900314,-0.381586175765
-0.466308202165,0.814070836646,-0.296107509259
-0.659289466921,0.939867271961,-0.441507574603
-0.650997000253,0.931513883529,-0.435050211011
-0.659289466921,0.939867271961,-0.441507574603
-0.62665632582,0.922676768556,-0.414056329059
-0.659289466921,0.939867271961,-0.441507574603
-0.643535110307,0.899389154561,-0.439339500818
-0.659289466921,0.939867271961,-0.441507574603
-0.650997000253,0.931513883529,-0.435050211011
-0.654361929707,0.894245277455,-0.452477381234
-0.659289466921,0.939867271961,-0.441507574603
-0.62665632582,0.922676768556,-0.414056329059
-0.654361929707,0.894245277455,-0.452477381234
-0.654361929707,0.894245277455,-0.452477381234
-0.638134293901,0.901856875204,-0.432874803052
-0.638134293901,0.901856875203,-0.432874803052
-0.654361929707,0.894245277455,-0.452477381234
-0.61694716921,0.928339608024,-0.402286875812
-0.659289466921,0.939867271961,-0.441507574603
-0.654361929707,0.894245277455,-0.452477381234
-0.62665632582,0.922676768556,-0.414056329059
-0.654361929707,0.894245277455,-0.452477381234
-0.526668455274,0.850056199879,-0.338820412458
-0.650997000253,0.931513883529,-0.435050211011
-0.654361929707,0.894245277455,-0.452477381234
-0.654361929707,0.894245277455,-0.452477381234
-0.605421109651,0.876620446242,-0.409331657068
-0.564004581528,0.909991759853,-0.355424661302
-0.564004581528,0.909991759853,-0.355424661302
-0.538962379558,0.8785778096,-0.341807401729
-0.592900008187,0.938036430911,-0.375878579689
-0.557481620366,0.858437064998,-0.369027207208
-0.499090092086,0.848846063995,-0.318553637191
-0.557481620366,0.858437064998,-0.369027207208
-0.460925157476,0.84108324644,-0.277840915373
-0.605421109651,0.876620446242,-0.409331657068
-0.592900008187,0.938036430911,-0.375878579689
-0.557481620366,0.858437064998,-0.369027207208
-0.534940973689,0.889916795317,-0.332912491496
-0.564004581528,0.909991759853,-0.355424661302
-0.605421109651,0.876620446242,-0.409331657068
-0.564004581528,0.909991759853,-0.355424661302
-0.538962379558,0.8785778096,-0.341807401729
-0.465060931063,0.859858197283,-0.274801153751
-0.585569842768,0.917886409554,-0.374783639389
-0.585569842768,0.917886409554,-0.374783639389
-0.59468365635,0.926552842622,-0.380714763767
-0.557481620366,0.858437064998,-0.369027207208
-0.513386344702,0.874954075402,-0.317175986143
-0.605421109651,0.876620446242,-0.409331657068
-0.557481620366,0.858437064998,-0.369027207208
-0.546541619809,0.908279355559,-0.338307406989
-0.606995065787,0.844543848771,-0.425195553801
-0.56443889837,0.90056117056,-0.359324101418
-0.540402859811,0.85326359453,-0.355258372018
-0.559214274661,0.855665653868,-0.373849620058
-0.511595494409,0.836991975099,-0.33476620085
-0.606995065787,0.844543848771,-0.425195553801
-0.606995065787,0.844543848771,-0.425195553801
-0.631731287483,0.882925380093,-0.432881870443
-0.606995065787,0.844543848771,-0.425195553801
-0.631731287483,0.882925380093,-0.432881870443
-0.5977780313,0.936667051411,-0.381113969627
-0.606995065787,0.844543848771,-0.425195553801
-0.631731287483,0.882925380093,-0.432881870443
-0.559214274661,0.855665653868,-0.373849620058
-0.631731287483,0.882925380093,-0.432881870443
-0.540402859811,0.85326359453,-0.355258372018
-0.606995065787,0.844543848771,-0.425195553801
-0.559214274661,0.855665653868,-0.373849620058
-0.606995065787,0.844543848771,-0.425195553801
-0.631731287483,0.882925380093,-0.432881870443
-0.606995065787,0.844543848771,-0.425195553801
-0.659454959113,0.920067837838,-0.447408467006
-0.653302193569,0.913374519911,-0.44414912321
-0.659454959113,0.920067837838,-0.447408467006
-0.558885920764,0.90133443018,-0.353248514959
-0.653302193569,0.913374519911,-0.44414912321
-0.559777344592,0.880537177682,-0.361475936769
-0.659454959113,0.920067837838,-0.447408467006
-0.659454959113,0.920067837838,-0.447408467006
-0.653302193569,0.913374519911,-0.44414912321
-0.570715296205,0.887855296649,-0.369466390517
-0.583328334505,0.934247288885,-0.366796536222
-0.653302193569,0.913374519911,-0.44414912321
-0.558885920764,0.90133443018,-0.353248514959
-0.570715296205,0.887855296649,-0.369466390517
-0.659454959113,0.920067837838,-0.447408467006
-0.653302193569,0.913374519911,-0.44414912321
-0.570715296205,0.887855296649,-0.369466390517
-0.557435056881,0.836485580362,-0.377706554585
-0.653302193569,0.913374519911,-0.44414912321
-0.557435056881,0.836485580362,-0.377706554585
-0.653302193569,0.913374519911,-0.44414912321
-0.659454959113,0.920067837838,-0.447408467006
-0.653302193569,0.913374519911,-0.44414912321
-0.558885920764,0.90133443018,-0.353248514959
-0.659454959113,0.920067837838,-0.447408467006
-0.570715296205,0.887855296649,-0.369466390517
-0.653302193569,0.913374519911,-0.44414912321
-0.653302193569,0.913374519911,-0.44414912321
-0.659454959113,0.920067837838,-0.447408467006
-0.530507879066,0.843244671567,-0.347364185014
-0.530507879066,0.843244671567,-0.347364185014
-0.620131560173,0.922243151502,-0.407616282889
-0.49557906749,0.819014567941,-0.323875537551
-0.634310700025,0.960265460855,-0.411235860514
-0.480021498017,0.828312771876,-0.303943145937
-0.706359765993,0.9812167415,-0.477884156402
-0.624013900143,0.916298864384,-0.413957360476
-0.585658468566,0.90560032675,-0.378119953059
-0.530507879066,0.843244671567,-0.347364185014
-0.49557906749,0.819014567941,-0.323875537551
-0.585658468566,0.90560032675,-0.378119953059
-0.567141758632,0.910817212149,-0.358088471208
-0.624013900143,0.916298864384,-0.413957360476
-0.706359765993,0.9812167415,-0.477884156402
-0.620131560173,0.922243151502,-0.407616282889
-0.567141758632,0.910817212149,-0.358088471208
-0.706359765993,0.9812167415,-0.477884156402
-0.585658468566,0.90560032675,-0.378119953059
-0.706359765993,0.9812167415,-0.477884156402
-0.515796047287,0.912148130183,-0.30607554125
-0.530507879066,0.843244671567,-0.347364185014
-0.624013900143,0.916298864384,-0.413957360476
-0.620131560173,0.922243151502,-0.407616282889
-0.567141758632,0.910817212149,-0.358088471208
-0.530507879066,0.843244671567,-0.347364185014
-0.620131560173,0.922243151502,-0.407616282889
-0.627855669712,0.898125411487,-0.423279446291
-0.588328597345,0.910704101387,-0.3787101409
-0.680957832329,0.962919636015,-0.457100052732
-0.588030402027,0.929963275057,-0.373089255865
-0.680957832329,0.962919636015,-0.457100052732
-0.564254961622,0.825949864783,-0.391620317376
-0.588328597345,0.910704101387,-0.3787101409
-0.680957832329,0.962919636015,-0.457100052732
-0.549076103451,0.901173235997,-0.342870157752
-0.549076103451,0.901173235997,-0.342870157752
-0.550079835521,0.914909482456,-0.34034755556
-0.665610456941,0.929131535599,-0.450849144301
-0.665610456941,0.929131535599,-0.450849144301
-0.627855669712,0.898125411487,-0.423279446291
-0.680957832329,0.962919636015,-0.457100052732
-0.627855669712,0.898125411487,-0.423279446291
-0.588328597345,0.910704101387,-0.3787101409
-0.649935305969,0.95329967346,-0.428642422485
-0.626765340017,0.931721364273,-0.410940040683
-0.723906163395,0.946306355893,-0.50444375546
-0.582124824601,0.907801583598,-0.374731457781
-0.581728548576,0.918969064415,-0.370164246985
-0.563510016727,0.877881904743,-0.36669215376
-0.59298899818,0.881158882218,-0.394553898215
-0.563510016727,0.877881904743,-0.36669215376
-0.723906163395,0.946306355893,-0.50444375546
-0.723906163395,0.946306355893,-0.50444375546
-0.57783055335,0.859532306119,-0.386875238624
-0.59298899818,0.881158882218,-0.394553898215
-0.59298899818,0.881158882218,-0.394553898215
-0.57783055335,0.859532306119,-0.386875238624
-0.723906163395,0.946306355893,-0.50444375546
-0.626765340017,0.931721364273,-0.410940040683
-0.584253585753,0.866796774006,-0.391509336607
-0.565475676989,0.885885511602,-0.364678846763
-0.723906163395,0.946306355893,-0.50444375546
-0.584253585753,0.866796774006,-0.391509336607
-0.584253585753,0.866796774006,-0.391509336607
-0.57783055335,0.859532306119,-0.386875238624
-0.563510016727,0.877881904743,-0.36669215376
-0.723906163395,0.946306355893,-0.50444375546
-0.57783055335,0.859532306119,-0.386875238624
-0.723906163395,0.946306355893,-0.50444375546
-0.565475676989,0.885885511602,-0.364678846763
-0.584253585753,0.866796774006,-0.391509336607
-0.597203798188,0.894514246459,-0.394983758101
-0.704527124451,0.967167914692,-0.479599725892
-0.597203798188,0.894514246459,-0.394983758101
-0.597203798188,0.894514246459,-0.394983758101
-0.556213471847,0.870508295783,-0.361667348878
-0.597203798188,0.894514246459,-0.394983758101
-0.524984684175,0.851654474928,-0.341433114283
-0.604423403757,0.893405719022,-0.401442112648
-0.704527124451,0.967167914692,-0.479599725892
-0.587086723219,0.879752412632,-0.388391930803
-0.704527124451,0.967167914692,-0.479599725892
-0.597203798188,0.894514246459,-0.394983758101
-0.556213471847,0.870508295783,-0.361667348878
-0.579428448921,0.920800215941,-0.367451832242
-0.704527124451,0.967167914692,-0.479599725892
-0.556213471847,0.870508295783,-0.361667348878
-0.597203798188,0.894514246459,-0.394983758101
-0.561348082087,0.89821456236,-0.356868406829
-0.704527124451,0.967167914692,-0.479599725892
-0.530465036992,0.849785934614,-0.34658077385
-0.517099895268,0.90115921115,-0.311404437007
-0.704527124451,0.967167914692,-0.479599725892
-0.597203798188,0.894514246459,-0.394983758101
-0.570302726559,0.887239508358,-0.368866635311
-0.587086723219,0.879752412632,-0.388391930803
-0.597403472847,0.899794501071,-0.392174462795
-0.597203798188,0.894514246459,-0.394983758101
-0.529149209644,0.791208309131,-0.381461649962
-0.529149209644,0.791208309131,-0.381461649962
-0.559314180538,0.915483066288,-0.349267027189
-0.538437905204,0.811342383571,-0.373192408923
-0.529149209644,0.791208309131,-0.381461649962
-0.587531652124,0.936124303986,-0.370851450432
-0.587531652124,0.936124303986,-0.370851450432
-0.574997104016,0.925911340439,-0.361331329669
-0.587531652124,0.936124303986,-0.370851450432
-0.489339718799,0.883935253061,-0.289637027655
-0.538437905204,0.811342383571,-0.373192408923
-0.574045623612,0.910921437115,-0.364943987444
-0.570515091536,0.89315983875,-0.367597482464
-0.529149209644,0.791208309131,-0.381461649962
-0.559314180538,0.915483066288,-0.349267027189
-0.56328436666,0.85392806992,-0.376304347083
-0.559314180538,0.915483066288,-0.349267027189
-0.587531652124,0.936124303986,-0.370851450432
-0.574045623612,0.910921437115,-0.364943987444
-0.537456653502,0.869609401281,-0.343331138172
-0.529149209644,0.791208309131,-0.381461649962
-0.529149209644,0.791208309131,-0.381461649962
-0.498971664444,0.8762115031,-0.301900029626
-0.558904424852,0.898419523943,-0.353985025108
-0.504043405868,0.819506638093,-0.334374943328
-0.491088309051,0.880927891737,-0.29248739027
-0.529149209644,0.791208309131,-0.381461649962
-0.670975966015,0.960064734784,-0.447883368207
-0.616744718913,0.921270396919,-0.405008767629
-0.670975966015,0.960064734784,-0.447883368207
-0.616744718913,0.921270396919,-0.405008767629
-0.702767487276,0.981540361618,-0.47422471184
-0.555379078299,0.811761727111,-0.391507681012
-0.616744718913,0.921270396919,-0.405008767629
-0.741670233746,0.987024289515,-0.511745527473
-0.60809393166,0.862877382234,-0.416884325709
-0.659859521228,0.941566988933,-0.441873566384
-0.623080891607,0.915457721115,-0.413457151941
-0.555379078299,0.811761727111,-0.391507681012
-0.741670233746,0.987024289515,-0.511745527473
-0.702767487276,0.981540361618,-0.47422471184
-0.614169121354,0.922189730399,-0.401740323066
-0.555379078299,0.811761727111,-0.391507681012
-0.670975966015,0.960064734784,-0.447883368207
-0.702767487276,0.981540361618,-0.47422471184
-0.702767487276,0.981540361618,-0.47422471184
-0.614169121354,0.922189730399,-0.401740323066
-0.741670233746,0.987024289515,-0.511745527473
-0.657188694884,0.964983239423,-0.432930998935
-0.533252266687,0.875606518204,-0.335741964991
-0.505497229599,0.9097254117,-0.296455273134
-0.642971882238,0.954937596327,-0.42132707245
-0.637192470358,0.942963969309,-0.418735837941
-0.538082016727,0.903319863946,-0.331504274499
-0.549325542904,0.877532274734,-0.354227881923
-0.642971882238,0.954937596327,-0.42132707245
-0.642971882238,0.954937596327,-0.42132707245
-0.498814514983,0.852382492281,-0.311449459515
-0.642971882238,0.954937596327,-0.42132707245
-0.57730095655,0.913596548828,-0.367583405245
-0.642971882238,0.954937596327,-0.42132707245
-0.486226531863,0.752326064291,-0.347188804404
-0.530282814909,0.870235506496,-0.33638957019
-0.486226531863,0.752326064291,-0.347188804404
-0.58315194754,0.904269833004,-0.376629363095
-0.637192470358,0.942963969309,-0.418735837941
-0.486226531863,0.752326064291,-0.347188804404
-0.642971882238,0.954937596327,-0.42132707245
-0.591879739758,0.948711312063,-0.371868101697
-0.591879739758,0.948711312063,-0.371868101697
-0.486226531863,0.752326064291,-0.347188804404
-0.486226531863,0.752326064291,-0.347188804404
-0.530282814909,0.870235506496,-0.33638957019
-0.486226531863,0.752326064291,-0.347188804404
-0.486226531863,0.752326064291,-0.347188804404
-0.486226531863,0.752326064291,-0.347188804404
-0.583922529683,0.929096825491,-0.369680073548
-0.58315194754,0.904269833004,-0.376629363095
-0.519109614027,0.834728578961,-0.3400180045
-0.61379387924,0.870238286598,-0.420135841451
-0.600646895232,0.875197909476,-0.404078484651
-0.524955414285,0.825647981724,-0.354114200834
-0.61379387924,0.870238286598,-0.420135841451
-0.61379387924,0.870238286598,-0.420135841451
-0.526488693725,0.874908547605,-0.329683360064
-0.5656065422,0.944634949642,-0.34669038446
-0.600646895232,0.875197909476,-0.404078484651
-0.545656310651,0.869609924031,-0.35024832542
-0.630332375771,0.94267138862,-0.411923924183
-0.524955414285,0.825647981724,-0.354114200834
-0.61379387924,0.870238286598,-0.420135841451
-0.600646895232,0.875197909476,-0.404078484651
-0.61379387924,0.870238286598,-0.420135841451
-0.545656310651,0.869609924031,-0.35024832542
-0.547526815818,0.873322006122,-0.350372030377
-0.526488693725,0.874908547605,-0.329683360064
-0.600646895232,0.875197909476,-0.404078484651
-0.600646895232,0.875197909476,-0.404078484651
-0.600646895232,0.875197909476,-0.404078484651
-0.600646895232,0.875197909476,-0.404078484651
-0.551302615865,0.855571602844,-0.362114819794
-0.455512360791,0.872671042118,-0.259999709526
-0.65907233699,0.961509746719,-0.435535678079
-0.506017107431,0.876827250979,-0.308150816751
-0.526488693725,0.874908547605,-0.329683360064
-0.551302615865,0.855571602844,-0.362114819794
-0.61379387924,0.870238286598,-0.420135841451
-0.640420027564,0.916777063943,-0.429696136465
-0.654961096142,0.945273004818,-0.43561350173
-0.517165189202,0.844338373426,-0.336658264959
-0.683751752805,0.965460996998,-0.459332193337
-0.654961096142,0.945273004818,-0.43561350173
-0.640420027564,0.916777063943,-0.429696136465
-0.654961096142,0.945273004818,-0.43561350173
-0.628686550478,0.905705558583,-0.421728666475
-0.517165189202,0.844338373426,-0.336658264959
-0.683751752805,0.965460996998,-0.459332193337
-0.640420027564,0.916777063943,-0.429696136465
-0.532635386029,0.866549076528,-0.339645917092
-0.517165189202,0.844338373426,-0.336658264959
-0.640420027564,0.916777063943,-0.429696136465
-0.683751752805,0.965460996998,-0.459332193337
-0.683751752805,0.965460996998,-0.459332193337
-0.654961096142,0.945273004818,-0.43561350173
-0.654961096142,0.945273004818,-0.43561350173
-0.498130759183,0.850922246737,-0.31280142844
-0.654961096142,0.945273004818,-0.43561350173
-0.654961096142,0.945273004818,-0.43561350173
-0.654961096142,0.945273004818,-0.43561350173
-0.654961096142,0.945273004818,-0.43561350173
-0.517165189202,0.844338373426,-0.336658264959
-0.640420027564,0.916777063943,-0.429696136465
-0.640420027564,0.916777063943,-0.429696136465
-0.588481931671,0.875318880682,-0.391866154501
-0.588481931671,0.875318880682,-0.391866154501
-0.60866639917,0.953912671199,-0.387277232295
-0.485639827424,0.833145306243,-0.310966475398
-0.564032103622,0.9404128555,-0.346344759753
-0.623256259044,0.912453654696,-0.413992102102
-0.632836392087,0.914511885973,-0.423467457654
-0.588481931671,0.875318880682,-0.391866154501
-0.54669684342,0.793913899266,-0.386496579255
-0.588481931671,0.875318880682,-0.391866154501
-0.588481931671,0.875318880682,-0.391866154501
-0.632836392087,0.914511885973,-0.423467457654
-0.54669684342,0.793913899266,-0.386496579255
-0.632836392087,0.914511885973,-0.423467457654
-0.556828913424,0.854874728907,-0.367257504094
-0.632836392087,0.914511885973,-0.423467457654
-0.632836392087,0.914511885973,-0.423467457654
-0.54669684342,0.793913899266,-0.386496579255
-0.501196409409,0.809438130492,-0.336054098582
-0.623256259044,0.912453654696,-0.413992102102
-0.632836392087,0.914511885973,-0.423467457654
-0.588481931671,0.875318880682,-0.391866154501
-0.632836392087,0.914511885973,-0.423467457654
-0.501196409409,0.809438130492,-0.336054098582
-0.588481931671,0.875318880682,-0.391866154501
-0.632836392087,0.914511885973,-0.423467457654
-0.54669684342,0.793913899266,-0.386496579255
-0.699830604269,0.943542491454,-0.480964041429
-0.645558302211,0.912357738556,-0.4361266222
-0.602735977408,0.870288656231,-0.411522253079
-0.600007670501,0.903397857231,-0.394085738854
-0.699830604269,0.943542491454,-0.480964041429
-0.699830604269,0.943542491454,-0.480964041429
-0.626215067573,0.947073264514,-0.406705726377
-0.584002258565,0.925462211366,-0.370659876988
-0.699830604269,0.943542491454,-0.480964041429
-0.58638039751,0.938644187124,-0.369510055981
-0.645558302211,0.912357738556,-0.4361266222
-0.604783334424,0.922397563755,-0.392230866768
-0.602735977408,0.870288656231,-0.411522253079
-0.488914274095,0.828622404057,-0.313128456605
-0.606720050053,0.893588374546,-0.404785159224
-0.639322489289,0.932194630065,-0.42387805841
-0.496829227264,0.826244698422,-0.32082846294
-0.645558302211,0.912357738556,-0.4361266222
-0.542013598696,0.901581442325,-0.336819296582
-0.580979118292,0.942314648956,-0.362839175587
-0.645558302211,0.912357738556,-0.4361266222
-0.645558302211,0.912357738556,-0.4361266222
-0.602735977408,0.870288656231,-0.411522253079
-0.699830604269,0.943542491454,-0.480964041429
-0.572956649817,0.905343876546,-0.365467574423
-0.541100695584,0.895591366913,-0.337530156116
-0.575602380314,0.870596612647,-0.379212176429
-0.575602380314,0.870596612647,-0.379212176429
-0.536488501381,0.840714751797,-0.354688250439
-0.575602380314,0.870596612647,-0.379212176429
-0.544610602759,0.874858882684,-0.348269072506
-0.593462038576,0.942729901373,-0.375069156185
-0.513428866989,0.859269048395,-0.322972359059
-0.507666223118,0.841116268899,-0.327296087688
-0.536488501381,0.840714751797,-0.354688250439
-0.473556948517,0.891768025419,-0.270229420504
-0.504639616898,0.861951655467,-0.31314915444
-0.536488501381,0.840714751797,-0.354688250439
-0.544610602759,0.874858882685,-0.348269072506
-0.464572686,0.840601432501,-0.283191983422
-0.575602380314,0.870596612647,-0.379212176429
-0.507666223118,0.841116268899,-0.327296087688
-0.575602380314,0.870596612647,-0.379212176429
-0.507666223118,0.841116268899,-0.327296087688
-0.495681644647,0.878886723484,-0.296396892219
-0.575602380314,0.870596612647,-0.379212176429
-0.531346850687,0.921482884229,-0.319119557568
-0.544610602759,0.874858882685,-0.348269072506
-0.464572686,0.840601432501,-0.283191983422
-0.541100695584,0.895591366913,-0.337530156116
-0.513428866989,0.859269048395,-0.322972359059
-0.564553788712,0.931646033309,-0.349375771451
-0.541100695584,0.895591366913,-0.337530156116
-0.609336838271,0.907456467582,-0.401988220021
-0.472867692504,0.865289545971,-0.27918753022
-0.50755232046,0.891826889065,-0.304783019761
-0.647847293238,0.906716401525,-0.439885400648
-0.50927428853,0.839900192219,-0.329734466635
-0.647847293238,0.906716401525,-0.439885400648
-0.719059444948,0.951972186776,-0.498162685952
-0.647847293238,0.906716401525,-0.439885400648
-0.609336838271,0.907456467582,-0.401988220021
-0.459005822076,0.824165452493,-0.285779515422
-0.647847293238,0.906716401525,-0.439885400648
-0.647847293238,0.906716401525,-0.439885400648
-0.451755162245,0.788453080226,-0.298851357355
-0.647847293238,0.906716401525,-0.439885400648
-0.510567279709,0.799921752431,-0.345816259666
-0.647847293238,0.906716401525,-0.439885400648
-0.564633216415,0.887733252337,-0.363005553158
-0.609336838271,0.907456467582,-0.401988220021
-0.472867692504,0.865289545971,-0.27918753022
-0.647847293237,0.906716401525,-0.439885400648
-0.719059444948,0.951972186776,-0.498162685952
-0.647847293237,0.906716401525,-0.439885400648
-0.647847293238,0.906716401525,-0.439885400648
-0.647847293238,0.906716401525,-0.439885400648
-0.719059444948,0.951972186776,-0.498162685952
-0.719059444948,0.951972186776,-0.498162685952
-0.50927428853,0.839900192219,-0.329734466635
-0.510567279709,0.799921752431,-0.345816259666
-0.415448661734,0.745590587174,-0.285262229358
-0.719059444948,0.951972186776,-0.498162685952
-0.647198527927,0.948423708987,-0.427226184718
-0.630854495867,0.948715739646,-0.410820264307
-0.475595391166,0.851879274705,-0.285920993045
-0.630854495867,0.948715739646,-0.410820264307
-0.647198527927,0.948423708987,-0.427226184718
-0.59506009604,0.934426980452,-0.379029298022
-0.593172219678,0.938760500629,-0.375757498662
-0.464684594618,0.768210452656,-0.315962125085
-0.647198527927,0.948423708987,-0.427226184718
-0.544883125823,0.851377577763,-0.358497543119
-0.59506009604,0.934426980452,-0.379029298022
-0.630854495867,0.948715739646,-0.410820264307
-0.59506009604,0.934426980452,-0.379029298022
-0.647198527927,0.948423708987,-0.427226184718
-0.544883125823,0.851377577763,-0.358497543119
-0.59506009604,0.934426980452,-0.379029298022
-0.647198527927,0.948423708987,-0.427226184718
-0.464684594618,0.768210452656,-0.315962125085
-0.647198527927,0.948423708987,-0.427226184718
-0.544883125823,0.851377577763,-0.358497543119
-0.475595391166,0.851879274705,-0.285920993045
-0.544883125823,0.851377577763,-0.358497543119
-0.59506009604,0.934426980452,-0.379029298022
-0.59506009604,0.934426980452,-0.379029298022
-0.630854495867,0.948715739646,-0.410820264307
-0.544883125823,0.851377577763,-0.358497543119
-0.604726753643,0.817918464793,-0.435861609437
-0.604726753643,0.817918464793,-0.435861609437
-0.56534764155,0.89242057565,-0.364067177307
-0.557497407263,0.919647542627,-0.345749185385
-0.629280261975,0.889647307882,-0.429324612906
-0.582863640108,0.87074786998,-0.388489498023
-0.60055386548,0.873126309249,-0.405249393838
-0.629280261975,0.889647307882,-0.429324612906
-0.629280261975,0.889647307882,-0.429324612906
-0.629280261975,0.889647307882,-0.429324612906
-0.667133787396,0.937831883059,-0.450272426049
-0.60055386548,0.873126309249,-0.405249393838
-0.542603798686,0.88427457291,-0.342433299691
-0.661125078457,0.921412285235,-0.449050283166
-0.582863640108,0.87074786998,-0.388489498023
-0.604726753643,0.817918464793,-0.435861609437
-0.585107528219,0.896385561524,-0.382379586747
-0.661125078457,0.921412285235,-0.449050283166
-0.585107528219,0.896385561524,-0.382379586747
-0.60055386548,0.873126309249,-0.405249393838
-0.604726753643,0.817918464793,-0.435861609437
-0.661125078457,0.921412285235,-0.449050283166
-0.582863640108,0.87074786998,-0.388489498023
-0.729122757321,0.97415048287,-0.502463228312
-0.729122757321,0.97415048287,-0.502463228312
-0.604726753643,0.817918464793,-0.435861609437
-0.604726753643,0.817918464793,-0.435861609437
-0.604726753643,0.817918464793,-0.435861609437
-0.503251927668,0.794771363111,-0.343353932769
-0.594200994449,0.937437672234,-0.377230307501
-0.633303278642,0.913432565879,-0.423351888946
-0.665602967294,0.957018467836,-0.443300492668
-0.68206305052,0.98380033943,-0.45295856496
-0.503251927668,0.794771363111,-0.343353932769
-0.633303278642,0.913432565879,-0.423351888946
-0.665602967294,0.957018467836,-0.443300492668
-0.478648968867,0.851355596851,-0.289075851485
-0.530757288265,0.871321300093,-0.335380125906
-0.552350001159,0.867299674411,-0.359806968481
-0.665602967294,0.957018467836,-0.443300492668
-0.58558710741,0.90591630981,-0.378742570495
-0.665602967294,0.957018467836,-0.443300492668
-0.633303278642,0.913432565879,-0.423351888946
-0.633303278642,0.913432565879,-0.423351888946
-0.665602967294,0.957018467836,-0.443300492668
-0.571552077081,0.942470123767,-0.353257067729
-0.665602967294,0.957018467836,-0.443300492668
-0.665602967294,0.957018467836,-0.443300492668
-0.656258641041,0.919175563954,-0.444776620083
-0.709215353748,0.936876069164,-0.491520291632
-0.709215353748,0.936876069164,-0.491520291632
-0.59876332208,0.90156660162,-0.39265162408
-0.558643723371,0.884899791878,-0.358895503304
-0.626413090492,0.901849250884,-0.421669283733
-0.537978524667,0.858145418564,-0.349154641134
-0.558825013595,0.850882875169,-0.372715989045
-0.58965547012,0.919113551059,-0.377923896676
-0.558825013595,0.850882875169,-0.372715989045
-0.60583778052,0.864266637987,-0.413335261956
-0.59876332208,0.90156660162,-0.39265162408
-0.575830447987,0.876490843854,-0.378927980126
-0.709215353748,0.936876069164,-0.491520291632
-0.58965547012,0.919113551059,-0.377923896676
-0.58965547012,0.919113551059,-0.377923896676
-0.626413090492,0.901849250884,-0.421669283733
-0.656258641041,0.919175563954,-0.444776620083
-0.59876332208,0.90156660162,-0.39265162408
-0.709215353748,0.936876069164,-0.491520291632
-0.626413090492,0.901849250884,-0.421669283733
-0.558643723371,0.884899791878,-0.358895503304
-0.59876332208,0.90156660162,-0.39265162408
-0.626413090492,0.901849250884,-0.421669283733
-0.58965547012,0.919113551059,-0.377923896676
-0.60583778052,0.864266637987,-0.413335261956
-0.709215353748,0.936876069164,-0.491520291632
-0.537978524667,0.858145418564,-0.349154641134
-0.60583778052,0.864266637987,-0.413335261956
-0.656459855576,0.964371107987,-0.432304908343
-0.550686626786,0.909696725493,-0.342212181607
-0.536943942711,0.851210858205,-0.352051509445
-0.620256957747,0.929994136812,-0.405511402028
-0.511965212055,0.85143502705,-0.324976276112
-0.501216148172,0.831438474002,-0.330774737005
-0.656459855576,0.964371107987,-0.432304908343
-0.591892729254,0.870926772016,-0.395368835815
-0.536943942711,0.851210858205,-0.352051509445
-0.536943942711,0.851210858205,-0.352051509445
-0.620256957747,0.929994136812,-0.405511402028
-0.511965212055,0.85143502705,-0.324976276112
-0.620256957747,0.929994136812,-0.405511402028
-0.620256957747,0.929994136812,-0.405511402028
-0.591892729254,0.870926772016,-0.395368835815
-0.591892729254,0.870926772016,-0.395368835815
-0.656459855576,0.964371107987,-0.432304908343
-0.656459855576,0.964371107987,-0.432304908343
-0.515118020324,0.917643751807,-0.303711635174
-0.592635139783,0.902446236435,-0.387169941243
-0.575065034829,0.893993821379,-0.370958300787
-0.529481198306,0.833790156961,-0.355226669398
-0.592635139783,0.902446236435,-0.387169941243
-0.484793118505,0.902329717165,-0.27759644909
-0.569487565457,0.880029577618,-0.372678534655
-0.575065034829,0.893993821379,-0.370958300787
-0.575065034829,0.893993821379,-0.370958300787
-0.592635139783,0.902446236435,-0.387169941243
-0.485220448749,0.823948828553,-0.309896596796
-0.500889901847,0.858468912169,-0.310523273962
-0.575065034829,0.893993821379,-0.370958300787
-0.485220448749,0.823948828553,-0.309896596796
-0.485220448749,0.823948828553,-0.309896596796
-0.481790503889,0.845305850748,-0.296625097711
-0.575065034829,0.893993821379,-0.370958300787
-0.529481198306,0.833790156961,-0.355226669398
-0.592635139783,0.902446236435,-0.387169941243
-0.478846831032,0.866830526803,-0.283956793103
-0.569487565457,0.880029577618,-0.372678534655
-0.608017892625,0.93689637106,-0.390727298696
-0.500889901847,0.858468912169,-0.310523273962
-0.569487565457,0.880029577618,-0.372678534655
-0.608017892625,0.93689637106,-0.390727298696
-0.575065034829,0.893993821379,-0.370958300787
-0.592635139783,0.902446236435,-0.387169941243
-0.575065034829,0.893993821379,-0.370958300787
-0.568830943459,0.879180488666,-0.371294723108
-0.568830943459,0.879180488666,-0.371294723108
-0.475189002953,0.772956395934,-0.328403184777
-0.568830943459,0.879180488666,-0.371294723108
-0.568830943459,0.879180488666,-0.371294723108
-0.566375571338,0.913408865337,-0.356687812223
-0.568830943459,0.879180488666,-0.371294723108
-0.566375571338,0.913408865337,-0.356687812223
-0.463651095238,0.837204710695,-0.283460881608
-0.508376424666,0.881701326786,-0.308194509283
-0.495221504897,0.887078718132,-0.29439312889
-0.568830943459,0.879180488666,-0.371294723108
-0.566375571338,0.913408865337,-0.356687812223
-0.416834225298,0.73469369481,-0.302632006493
-0.568830943459,0.879180488666,-0.371294723108
-0.516072247157,0.885354145897,-0.315392606244
-0.568830943459,0.879180488666,-0.371294723108
-0.674999054007,0.88611257855,-0.472554332755
-0.485338949943,0.760593955462,-0.344717944194
-0.674999054007,0.88611257855,-0.472554332755
-0.674999054007,0.88611257855,-0.472554332755
-0.674999054007,0.88611257855,-0.472554332755
-0.580884448909,0.890842122207,-0.378272547094
-0.674999054007,0.88611257855,-0.472554332755
-0.508551109046,0.941792829042,-0.290435630837
-0.548393014861,0.845523149857,-0.363274466032
-0.485338949943,0.760593955462,-0.344717944194
-0.580884448909,0.890842122207,-0.378272547094
-0.580884448909,0.890842122207,-0.378272547094
-0.591863047445,0.937329417922,-0.374910691504
-0.674999054007,0.88611257855,-0.472554332755
-0.674999054007,0.88611257855,-0.472554332755
-0.548393014861,0.845523149857,-0.363274466032
-0.674999054007,0.88611257855,-0.472554332755
-0.548393014861,0.845523149857,-0.363274466032
-0.580884448909,0.890842122207,-0.378272547094
-0.582096497422,0.931845173518,-0.366446634268
-0.616362825998,0.912858422038,-0.40651654102
-0.598622881646,0.878777875936,-0.400620387557
-0.598622881646,0.878777875936,-0.400620387557
-0.616362825998,0.912858422038,-0.40651654102
-0.616362825998,0.912858422038,-0.40651654102
-0.775615622722,0.970614214378,-0.549793853998
-0.522853317721,0.792138204307,-0.364560941854
-0.522853317721,0.792138204307,-0.364560941854
-0.538134442482,0.926308937886,-0.324722754199
-0.484986482637,0.870655246953,-0.288941766206
-0.598622881646,0.878777875936,-0.400620387557
-0.566330444935,0.895217976641,-0.362291600974
-0.616362825998,0.912858422038,-0.40651654102
-0.775615622722,0.970614214378,-0.549793853998
-0.566330444935,0.895217976641,-0.362291600974
-0.582096497422,0.931845173518,-0.366446634268
-0.616362825998,0.912858422038,-0.40651654102
-0.775615622722,0.970614214378,-0.549793853998
-0.463843340406,0.804157543964,-0.299479032501
-0.565580645974,0.892297560513,-0.361807563898
-0.775615622722,0.970614214378,-0.549793853998
-0.775615622722,0.970614214378,-0.549793853998
-0.591751967214,0.926555606247,-0.377915843904
-0.775615622722,0.970614214378,-0.549793853998
-0.775615622722,0.970614214378,-0.549793853998
-0.775615622722,0.970614214378,-0.549793853998
-0.775615622722,0.970614214378,-0.549793853998
-0.522853317721,0.792138204307,-0.364560941854
-0.575465304238,0.884136398189,-0.375883005999
-0.472770501294,0.732224960843,-0.353686185976
-0.481014459547,0.878059643603,-0.282993057184
-0.614618128813,0.928680844588,-0.400411565088
-0.568911835855,0.930727950255,-0.353776360537
-0.603540658093,0.88823928812,-0.401975775244
-0.499373074304,0.891727400277,-0.296880395731
-0.614618128813,0.928680844588,-0.400411565088
-0.603540658093,0.88823928812,-0.401975775244
-0.603540658093,0.88823928812,-0.401975775244
-0.573904703701,0.868716115618,-0.380428892536
-0.472770501294,0.732224960843,-0.353686185976
-0.575465304238,0.884136398189,-0.375883005999
-0.523029088746,0.891354935339,-0.321544162794
-0.56960572311,0.94718170248,-0.350068158088
-0.575465304238,0.884136398189,-0.375883005999
-0.583052585601,0.917924794165,-0.371897016735
-0.583052585601,0.917924794165,-0.371897016735
-0.575465304238,0.884136398189,-0.375883005999
-0.484092169897,0.824967792039,-0.307781060462
-0.614618128813,0.928680844588,-0.400411565088
-0.614618128813,0.928680844588,-0.400411565088
-0.573904703701,0.868716115618,-0.380428892536
-0.573904703701,0.868716115618,-0.380428892536
-0.603540658093,0.88823928812,-0.401975775244
-0.472770501294,0.732224960843,-0.353686185976
-0.472770501294,0.732224960843,-0.353686185976
-0.537331974134,0.868661317606,-0.343421837034
-0.588296118026,0.921953839839,-0.375634220103
-0.558130209013,0.898878325387,-0.353926217855
-0.619342378227,0.906146032426,-0.411995463963
-0.619342378227,0.906146032426,-0.411995463963
-0.642689678673,0.942003666522,-0.424412900731
-0.583203880113,0.882966500258,-0.384288939739
-0.583203880113,0.882966500258,-0.384288939739
-0.580535699801,0.900054936008,-0.375028813818
-0.619342378227,0.906146032426,-0.411995463963
-0.537331974134,0.868661317606,-0.343421837034
-0.554977215914,0.890688532503,-0.352145985549
-0.554977215914,0.890688532503,-0.352145985549
-0.657980476923,0.911178023687,-0.449557994698
-0.583203880113,0.882966500258,-0.384288939739
-0.583203880113,0.882966500258,-0.384288939739
-0.580535699801,0.900054936008,-0.375028813818
-0.657980476923,0.911178023687,-0.449557994698
-0.537331974134,0.868661317606,-0.343421837034
-0.619342378227,0.906146032426,-0.411995463963
-0.619342378227,0.906146032426,-0.411995463963
-0.580535699801,0.900054936008,-0.375028813818
-0.580535699801,0.900054936008,-0.375028813818
-0.580535699801,0.900054936008,-0.375028813818
-0.657980476923,0.911178023687,-0.449557994698
-0.580535699801,0.900054936008,-0.375028813818
-0.642689678673,0.942003666522,-0.424412900731
-0.657980476923,0.911178023687,-0.449557994698
-0.575630272908,0.913667326522,-0.365737841073
-0.623108457332,0.945130037286,-0.404036932845
-0.56895316853,0.930278883827,-0.354306496657
-0.548517634178,0.865673822656,-0.356114910807
-0.623108457332,0.945130037286,-0.404036932845
-0.599906523896,0.933538265455,-0.383841358671
-0.532291833077,0.841511134616,-0.350760289876
-0.599906523896,0.933538265455,-0.383841358671
-0.535133382575,0.889403103623,-0.332901469977
-0.449602212938,0.834704501957,-0.266844370985
-0.541303028302,0.86597232347,-0.348823062021
-0.599906523896,0.933538265455,-0.383841358671
-0.541303028302,0.86597232347,-0.348823062021
-0.535133382575,0.889403103623,-0.332901469977
-0.535133382575,0.889403103623,-0.332901469977
-0.56895316853,0.930278883827,-0.354306496657
-0.535133382575,0.889403103623,-0.332901469977
-0.535133382575,0.889403103623,-0.332901469977
-0.532291833077,0.841511134616,-0.350760289876
-0.449602212938,0.834704501957,-0.266844370985
-0.623108457332,0.945130037286,-0.404036932845
-0.575630272908,0.913667326522,-0.365737841073
-0.623108457332,0.945130037286,-0.404036932845
-0.599906523896,0.933538265455,-0.383841358671
-0.515162350511,0.820077040664,-0.344387237444
-0.488131252257,0.820026401099,-0.313477257588
-0.564249503243,0.897631681166,-0.360457171071
-0.492778300242,0.849831116802,-0.308549914069
-0.590544447356,0.919003616286,-0.379394566442
-0.480222563467,0.82175408915,-0.308512219238
-0.554976235127,0.918512824644,-0.344021030675
-0.488131252257,0.820026401099,-0.313477257588
-0.586284832,0.902022501104,-0.380827242609
-0.520557669995,0.859151624287,-0.329612204319
-0.678631732608,0.939132030774,-0.461106653445
-0.498551676792,0.832034644887,-0.317734603559
-0.678631732608,0.939132030774,-0.461106653445
-0.564866352169,0.921851816908,-0.352289930949
-0.576892873852,0.909262393195,-0.368528488911
-0.520557669995,0.859151624287,-0.329612204319
-0.586284832,0.902022501104,-0.380827242609
-0.521788802804,0.866850076063,-0.32889146989
-0.586284832,0.902022501104,-0.380827242609
-0.519037664762,0.864633225079,-0.326395424739
-0.678631732608,0.939132030774,-0.461106653445
-0.471722032059,0.873211425448,-0.276244720373
-0.678631732608,0.939132030774,-0.461106653445
-0.6819908197,0.955860091642,-0.460100644734
-0.548652301288,0.862624897609,-0.355787800393
-0.6819908197,0.955860091642,-0.460100644734
-0.599630890083,0.90115479376,-0.394186337142
-0.548652301288,0.862624897609,-0.355787800393
-0.548652301288,0.862624897609,-0.355787800393
-0.599630890083,0.90115479376,-0.394186337142
-0.6819908197,0.955860091642,-0.460100644734
-0.6819908197,0.955860091642,-0.460100644734
-0.541928154302,0.842098740154,-0.35772192473
-0.551890720281,0.866257388984,-0.358097523937
-0.551890720281,0.866257388984,-0.358097523937
-0.599630890083,0.90115479376,-0.394186337142
-0.6819908197,0.955860091642,-0.460100644734
-0.525465287288,0.862754852865,-0.335338633003
-0.551890720281,0.866257388984,-0.358097523937
-0.6819908197,0.955860091642,-0.460100644734
-0.599630890083,0.90115479376,-0.394186337142
-0.599630890083,0.90115479376,-0.394186337142
-0.599630890083,0.90115479376,-0.394186337142
-0.588792279109,0.93248399353,-0.373381997816
-0.528025068741,0.839611955362,-0.349650411978
-0.630530644503,0.939144508909,-0.412790712883
-0.6819908197,0.955860091642,-0.460100644734
-0.551890720281,0.866257388984,-0.358097523937
-0.599630890083,0.90115479376,-0.394186337142
-0.713354415489,0.947818635445,-0.492971339531
-0.713354415489,0.947818635445,-0.492971339531
-0.487616912246,0.829759692943,-0.308137538874
-0.601371145948,0.945775604618,-0.382117678332
-0.713354415489,0.947818635445,-0.492971339531
-0.713354415489,0.947818635445,-0.492971339531
-0.535905785066,0.861594677532,-0.344215340674
-0.606694153639,0.917047187484,-0.395525775676
-0.561878505432,0.896512183118,-0.359059462506
-0.612137926749,0.902283367925,-0.408349705614
-0.559059630362,0.898924907667,-0.35347356139
-0.713354415489,0.947818635445,-0.492971339531
-0.601371145948,0.945775604618,-0.382117678332
-0.713354415489,0.947818635445,-0.492971339531
-0.601371145948,0.945775604618,-0.382117678332
-0.601371145948,0.945775604618,-0.382117678332
-0.544581293253,0.832935766706,-0.370201705231
-0.487550078553,0.877901804998,-0.290005693263
-0.612137926749,0.902283367925,-0.408349705614
-0.713354415489,0.947818635445,-0.492971339531
-0.713354415489,0.947818635445,-0.492971339531
-0.498361322501,0.881260409871,-0.298687126943
-0.612137926749,0.902283367925,-0.408349705614
-0.561878505432,0.896512183118,-0.359059462506
-0.63821118755,0.96063472587,-0.415002178217
-0.624892179315,0.920933961399,-0.412677064355
-0.624892179315,0.920933961399,-0.412677064355
-0.624892179315,0.920933961399,-0.412677064355
-0.624892179315,0.920933961399,-0.412677064355
-0.516597353378,0.889800655523,-0.314003187868
-0.624892179315,0.920933961399,-0.412677064355
-0.624892179315,0.920933961399,-0.412677064355
-0.57040894343,0.925854267149,-0.356415985498
-0.57040894343,0.925854267149,-0.356415985498
-0.501957414399,0.866658914248,-0.307152217529
-0.574949172958,0.893714954626,-0.371506050009
-0.63821118755,0.96063472587,-0.415002178217
-0.571900162039,0.906127673428,-0.363917630554
-0.574949172958,0.893714954626,-0.371506050009
-0.624892179315,0.920933961399,-0.412677064355
-0.63821118755,0.96063472587,-0.415002178217
-0.571900162039,0.906127673428,-0.363917630554
-0.523417127701,0.910247042006,-0.31408524719
-0.624892179315,0.920933961399,-0.412677064355
-0.574949172958,0.893714954626,-0.371506050009
-0.574949172958,0.893714954626,-0.371506050009
-0.63821118755,0.96063472587,-0.415002178217
-0.63821118755,0.96063472587,-0.415002178217
-0.63821118755,0.96063472587,-0.415002178217
-0.519204348989,0.856113440114,-0.328266420383
-0.624892179315,0.920933961399,-0.412677064355
-0.51920434899,0.856113440114,-0.328266420383
-0.551244573827,0.83945405466,-0.370038031023
-0.640752093274,0.923811249575,-0.427602804725
-0.640752093274,0.923811249575,-0.427602804725
-0.640752093274,0.923811249575,-0.427602804725
-0.615085000886,0.843948648894,-0.435566300315
-0.504475016585,0.874016707124,-0.307117631131
-0.615085000886,0.843948648894,-0.435566300315
-0.562113154866,0.844470198456,-0.378664048519
-0.640752093274,0.923811249575,-0.427602804725
-0.615085000886,0.843948648894,-0.435566300315
-0.515563162265,0.911497460185,-0.30623298422
-0.640752093274,0.923811249575,-0.427602804725
-0.615085000886,0.843948648894,-0.435566300315
-0.562113154866,0.844470198456,-0.378664048519
-0.504475016585,0.874016707124,-0.307117631131
-0.545395521442,0.897670381922,-0.339771290125
-0.615085000886,0.843948648894,-0.435566300315
-0.615085000886,0.843948648894,-0.435566300315
-0.562113154866,0.844470198456,-0.378664048519
-0.562113154866,0.844470198456,-0.378664048519
-0.640752093274,0.923811249575,-0.427602804725
-0.615085000886,0.843948648894,-0.435566300315
-0.504475016585,0.874016707124,-0.307117631131
-0.615085000886,0.843948648894,-0.435566300315
-0.628096642658,0.936463660456,-0.411351788562
-0.574989191542,0.883063744094,-0.376250193494
-0.514925605682,0.872013853424,-0.32063843735
-0.599758096825,0.907763452593,-0.391753032443
-0.599758096825,0.907763452593,-0.391753032443
-0.546777710418,0.909470247478,-0.338549816476
-0.572006660041,0.902822210788,-0.365612488392
-0.570773643175,0.920915698649,-0.358556316051
-0.459397666459,0.807475553898,-0.294226307259
-0.613801809114,0.90964853713,-0.405897127918
-0.613801809114,0.90964853713,-0.405897127918
-0.574989191542,0.883063744094,-0.376250193494
-0.526485839283,0.865105770424,-0.334144477839
-0.543019726838,0.890737831388,-0.340669900342
-0.570773643175,0.920915698649,-0.358556316051
-0.570773643175,0.920915698649,-0.358556316051
-0.587108423666,0.912443039977,-0.377294974749
-0.599758096825,0.907763452593,-0.391753032443
-0.613801809114,0.90964853713,-0.405897127918
-0.543019726838,0.890737831388,-0.340669900342
-0.572006660041,0.902822210788,-0.365612488392
-0.462718319104,0.777883319043,-0.30823227011
-0.501469787899,0.847301254056,-0.318309867003
-0.628096642658,0.936463660456,-0.411351788562
-0.613801809114,0.90964853713,-0.405897127918
-0.546777710418,0.909470247478,-0.338549816476
-0.511083735741,0.865531473406,-0.323221203839
-0.552278592522,0.890216765885,-0.351758299481
-0.546777710418,0.909470247478,-0.338549816476
-0.607173013922,0.887977921837,-0.406101749782
-0.607173013922,0.887977921837,-0.406101749782
-0.594613807195,0.926640198503,-0.380596374991
-0.601426576112,0.880262290333,-0.404744878107
-0.601426576112,0.880262290333,-0.404744878107
-0.594613807195,0.926640198503,-0.380596374991
-0.594613807195,0.926640198503,-0.380596374991
-0.566301731793,0.919138908781,-0.354434658746
-0.607173013922,0.887977921837,-0.406101749782
-0.575976376457,0.920225457711,-0.364166461565
-0.607173013922,0.887977921837,-0.406101749782
-0.594613807195,0.926640198503,-0.380596374991
-0.640292404202,0.916487414167,-0.430261477528
-0.606118941739,0.927369393697,-0.39213043172
-0.607173013922,0.887977921837,-0.406101749782
-0.477394002641,0.870454146198,-0.283424482196
-0.538285590709,0.901945452557,-0.33403233967
-0.622120901777,0.931328298543,-0.406806296991
-0.606118941739,0.927369393697,-0.39213043172
-0.480482417737,0.853374380572,-0.293731140289
-0.57785183579,0.915570778456,-0.367057566618
-0.566301731793,0.919138908781,-0.354434658746
-0.594613807195,0.926640198503,-0.380596374991
-0.566301731793,0.919138908781,-0.354434658746
-0.576383267053,0.896211681864,-0.371453237117
-0.566301731793,0.919138908781,-0.354434658746
-0.640292404202,0.916487414167,-0.430261477528
-0.594613807195,0.926640198503,-0.380596374991
